18.4
18
17.9
17.7
17.5
17.3
17.4
17.3
17.6
19.3
20.5
21.1
19.5
18.8
19.1
18.5
18.8
18.5
18.3
17.4
15.7
15.5
15.6
15.9
16.1
16.3
16.5
16.7
17
16.9
17.8
23.1
24.9
26.4
27.4
28
29
28.9
27.7
25.8
24.4
23
21.9
21
19
17.7
16.6
15.7
15.2
14.5
14.1
13.4
14.1
16
19
20.3
21.8
22.7
23.2
22.9
21.7
20.7
19.5
18
17.2
16.5
16
15.1
14.1
13.4
12.5
12.1
11.6
11.2
10.7
11.8
15.2
18
19.9
21.7
23.6
24.2
22.7
22.3
19.2
18.2
17.4
16.8
16.1
15.7
