9983
5821
301
1938
6293
9936
1349
5697
8901
1853
3241
451
2159
5971
4440
5222
3123
3425
6056
3058
7448
9437
2424
7006
324
1712
4633
1011
9636
910
5143
8386
8858
9420
1752
8782
9172
968
339
1099
33
5214
1687
7820
8425
470
4819
8328
5988
9413
7030
6629
4204
5986
7814
4001
5219
271
8685
1301
7898
9926
8781
1601
1671
6
6656
2003
6422
2887
7272
4520
6197
9499
1320
3983
4666
6044
2483
2693
7169
4469
2147
9436
8346
2863
8546
1201
4847
4529
3796
3794
7878
2727
9644
8129
2936
8901
6609
5228
2428
3906
1354
3732
7411
5030
7317
6208
5956
1651
3517
9492
9902
4013
7167
2044
9216
2588
8635
6832
3669
8890
7488
6763
5169
4013
1144
2204
1464
1419
1475
7059
110
5062
8621
6920
3653
1356
6545
2758
3012
6788
129
3605
8901
9497
9965
4959
5992
4772
1881
4638
6006
3303
1255
9590
6957
8804
9151
2463
589
4301
4459
8790
7032
6945
3513
2110
8878
2661
3788
9646
8214
5789
9957
2604
7185
2537
620
926
9779
6385
7352
6687
4232
8635
8956
3722
1012
8923
4040
214
4416
338
1913
4976
5553
2837
6254
637
3789
774
2914
2529
2895
8580
5752
8748
4720
7235
875
5912
2413
1660
2541
8135
3535
4081
4314
6878
1749
3666
4049
2945
2578
7640
6286
9820
8816
8368
2419
3326
2249
1649
1654
3290
3128
9645
1689
1841
4164
1737
1892
6938
6983
1510
8745
1879
5032
5904
1477
7924
1360
1023
6489
6592
1945
6722
5228
2997
9493
3159
414
8180
6252
1333
8480
1217
3182
9480
1037
4735
8792
1501
9586
1910
8920
5095
3655
5234
5036
3207
1633
801
306
5971
8739
5092
9697
3155
5930
814
273
7768
5253
1456
4402
7040
3640
1142
8463
315
1136
3348
1948
5607
5049
9589
3225
9783
2777
6690
3026
2051
1361
4174
6354
4183
2266
7738
8765
3285
3524
251
8277
1166
3509
9713
3377
6987
289
1556
7498
4391
1524
5561
546
9532
8384
7733
370
7541
7439
1601
1753
5906
8148
4572
1812
7790
4510
5072
1808
8891
586
390
7325
5249
9192
5062
2109
8143
6631
7861
3964
9872
7032
7069
5239
6379
8367
1492
570
7393
3506
2925
9069
8649
5999
6231
4177
5751
7439
2883
9781
3870
2416
7209
5667
3911
1367
4018
4720
5671
1425
9947
1122
7086
7681
5455
1635
8265
8194
9177
6456
5349
8991
6149
2184
73
4223
1294
689
7979
2858
3333
6496
9819
6690
7054
913
1345
8282
8729
9481
58
7186
3221
2616
6503
5215
338
4203
4279
1444
7249
4923
4651
6568
7269
5802
4724
3591
5476
5954
2755
3797
9072
8253
135
9073
5671
9450
8058
4527
4313
4040
7498
9107
6864
9494
4147
607
8277
9148
5334
368
2845
9805
7587
7924
5062
2783
1264
1818
6489
237
435
277
6299
425
4082
4835
6025
2379
4559
7420
3919
7367
2636
6178
4812
2534
3771
7109
689
5006
6134
7662
2631
1530
298
1032
5017
6142
4882
8389
7362
1209
6329
9545
6037
6273
8465
1704
5151
5065
1488
3809
5073
9687
7046
8838
6778
9984
5962
7673
4418
9016
92
8185
3265
3915
786
6718
575
5691
8999
3282
58
4173
8843
1843
9182
8609
1422
5125
6734
795
6954
2819
69
9821
1129
2422
8112
147
9694
2983
2243
2020
3272
2631
6074
5131
3927
8992
7777
732
8413
7460
2018
3181
131
3000
7701
7591
7764
513
405
9072
924
5215
2735
8660
5954
3183
4831
4875
3541
1207
8320
9620
2486
7097
3884
464
6753
4182
4650
5701
3608
1123
1977
7549
7632
7105
3304
5777
3309
623
7593
9281
3815
8562
9762
3978
2803
4808
6799
5456
672
7514
7301
684
1895
2476
8139
9100
2752
3437
5745
5464
4775
1052
5683
7815
3624
4638
4779
895
8940
4171
4162
8975
9443
3249
6037
2444
5849
6045
1181
314
3266
4357
3593
4493
5201
9572
5968
5732
8140
7223
3953
85
5636
1737
8416
9357
5656
6415
809
4423
9641
2533
7854
3331
5635
9899
9669
9117
7947
2051
5404
2788
4522
5073
7036
4870
7608
804
7087
6710
9558
8355
8486
3540
2488
8293
9592
3577
2328
243
1407
1056
7180
1616
3725
6316
9512
2861
6365
7148
2893
572
8496
7577
1506
7996
1599
2778
3126
2374
4260
2896
1594
5224
7927
8586
7496
2527
341
1613
5100
1189
2162
4201
9980
5895
9754
341
8845
2165
5201
4020
5681
6399
8532
7889
1962
1402
9362
6953
8562
5168
1005
9234
226
8524
5297
8995
6484
7751
5157
3575
7580
5673
5132
1390
9248
1190
1188
6439
420
2841
9540
1970
1244
6971
8302
8182
1947
6669
2185
3953
9432
16
3918
7971
44
7558
4223
1641
455
916
8887
9283
1643
5787
213
7157
8325
662
110
27
5944
5287
3020
5749
2154
7921
9570
1072
9548
5958
2071
7586
3820
2805
9464
776
938
841
8078
3991
4152
336
5949
9021
6709
9603
1370
8506
6053
1463
2468
8101
4501
923
3952
6872
4150
2564
4315
4718
7942
8965
8058
8073
4480
8970
1917
2101
3438
8521
2743
359
9183
329
468
6145
7308
1860
7623
6191
153
2080
7911
7386
6915
5220
6273
3436
6802
1397
9493
9806
4662
7549
3332
3868
6031
9510
6519
434
8191
5112
3888
8662
9753
176
3965
3433
4243
6425
8311
437
8680
1525
7781
956
7911
7539
53
9891
1576
9622
122
9718
9164
540
2072
5884
8561
4541
9300
9692
7247
6139
5691
9734
1498
1088
4707
4773
6506
380
2135
4803
1489
7094
8906
8213
7265
6504
609
1546
8940
4708
4745
7512
6282
4693
2978
7551
1096
7223
4458
7202
3015
4112
1885
989
2209
4092
4081
6489
9100
1235
9816
9295
6583
5033
9171
8279
7558
1058
9559
5725
6801
6327
2685
8631
7946
4810
9889
3244
9882
6302
241
2742
4762
3604
1782
1554
9380
2418
6933
361
9128
5014
309
5539
5505
99
5454
3635
3347
4801
2929
971
4436
9009
3921
1521
8666
9238
8006
1955
7405
3856
5843
1272
7946
6150
6320
6841
4420
7597
1640
4227
8215
8144
9586
2947
6787
5375
2760
4715
6686
6757
5180
1838
9248
7625
2039
2398
7931
2453
9797
3339
1048
4079
388
4
8447
4503
2827
8082
416
8866
4503
7614
1684
9570
9996
2645
9095
7941
8732
8081
3131
6727
7726
8758
7113
4720
8383
1399
2258
5130
3590
4414
8021
4462
1766
8467
3998
5914
6542
9854
6560
6389
9474
3822
5761
8341
424
9615
2332
6132
1095
7678
6294
184
8912
784
6678
5299
7200
4166
8716
3674
9831
1025
6846
2402
9865
8184
4928
2835
4522
3131
5765
6387
6005
5953
4209
2742
4037
2861
3168
1049
3834
5467
9637
7279
1142
3504
592
2794
3384
3576
2965
5572
2992
4917
7824
2319
3709
3750
589
7567
490
8345
6782
6004
6452
7749
956
9968
5247
6859
408
3923
3954
7603
4020
1687
339
7346
3638
8017
931
8651
8914
5110
9761
7351
5955
5888
2584
5994
3551
969
6873
3668
7995
6733
1709
6349
9955
7543
5070
3999
1136
4190
1923
4896
9055
1798
972
465
6748
6461
580
4712
1832
3054
1703
673
1798
2467
5809
950
9384
1768
5228
402
704
2115
9835
8640
825
4657
1348
5482
642
7112
6668
7817
5335
296
9398
3913
9948
4487
7203
9740
3890
3581
7841
262
2136
8575
4023
9233
2298
4446
587
7645
517
4649
621
7659
9826
1904
4351
2640
4780
8894
6300
2775
3559
1665
2317
9364
1679
7879
6260
6316
8929
2012
3796
9804
8766
1432
1844
7317
2926
4845
2406
9691
216
2207
9419
4845
7506
154
6426
4715
7642
3083
5088
1877
680
1016
2269
8741
1880
4610
311
9294
9997
7251
1790
5714
7103
6968
8262
4208
552
5702
7272
4482
3867
432
4237
1376
3594
9138
2624
1773
5637
272
1522
3615
7845
2369
2431
7522
3469
210
6211
1767
380
7179
3004
9031
8694
1022
9234
6302
1709
6031
2937
4443
2130
7627
5705
6694
4820
2152
7485
5956
6671
326
270
3544
4392
3006
4111
6588
2217
1412
8664
2477
5216
1929
2731
7062
8418
1574
7938
1151
3945
2624
6700
5635
5957
8670
2225
6818
6099
1119
3272
8719
3747
1776
5654
3485
1577
5944
5011
1770
794
3714
9933
3373
5807
3143
6459
8368
3877
5744
9661
1559
8916
5989
9400
5185
4876
1598
3955
463
8828
969
7341
9502
7147
2172
1893
5730
1633
7531
9874
526
7272
7359
1832
1903
4044
7707
450
9737
5668
2146
9573
2974
7359
5096
6801
9417
6621
6886
4481
8049
8271
1015
7680
4518
7664
3265
9345
8090
4078
5707
9943
9601
7921
6400
5156
1271
3777
5959
5371
4588
4440
6720
1206
4014
3556
434
9152
197
7867
9756
7540
4872
4503
5987
3204
1403
2373
4385
6070
8115
5990
5788
1544
1711
2899
7970
2140
4968
3642
8989
2132
5538
1630
2490
5180
3294
2122
2927
8473
9917
6142
3900
2249
1942
5816
9417
7211
9771
5948
8515
4586
6896
7237
3357
3273
940
9049
6082
7314
8357
6542
470
4136
5098
975
9959
5207
3541
396
5703
5125
8315
41
9215
9503
8990
2952
106
8208
7367
8022
5988
8810
4192
8823
9226
6576
4313
9551
2346
6497
8510
8649
4128
776
9353
6429
7742
5016
8891
2500
5156
1713
6203
1744
812
3359
945
5187
4495
1920
1759
1820
3941
166
2952
382
4743
3977
1126
907
8212
9310
2001
5919
8701
1722
7591
8489
3658
7871
2872
4195
7281
7836
4917
3673
634
7164
7349
7865
524
5135
9380
2479
3356
9712
4941
3220
4430
4782
2630
2722
513
7773
221
8936
4429
6337
8850
28
7709
2703
1691
6109
575
7063
2073
1655
9730
6250
7988
4237
558
6449
8375
7561
43
8918
1972
1852
443
6666
2043
3520
5346
1695
2389
7941
7297
2975
2966
794
344
4444
6970
4268
6309
6655
2136
7793
2700
7322
5139
509
8091
6470
6798
1144
5471
3740
6808
5028
8022
6839
2720
5891
232
9335
503
3961
3594
1644
1574
6348
7717
6950
7221
1606
8981
7938
7245
5882
296
8203
1029
6821
6229
7171
4892
3110
1983
4480
7148
298
8891
357
4114
7297
8208
9253
8952
4206
6127
4566
3896
8091
8608
82
761
8884
9400
5047
8497
5884
5429
6004
880
7457
2446
6168
3025
4707
436
957
8686
1074
1298
7688
4869
5664
1772
3915
8688
8550
2798
10
6313
6676
6886
2611
7074
9287
2556
7011
8150
4482
6454
5860
3240
313
8028
8546
9886
7574
8808
1230
127
5122
3180
2749
8283
8373
4048
3319
8717
7454
179
9206
8428
5740
2930
8940
4301
8788
8414
9563
3109
1172
1235
6028
9500
1912
6874
6694
1407
3672
8023
1663
5942
1430
1496
2621
6943
7471
4610
5391
90
3068
5289
6262
2310
7829
4694
4024
339
1128
473
1608
5626
1834
7632
711
2310
9594
4347
6636
8896
7377
1410
4683
1312
1963
5352
9297
4824
4929
3555
6824
6394
3420
9999
1887
2975
9873
1974
5789
6282
6852
6053
4331
1649
8072
6813
6962
357
2851
1717
188
6928
8970
5152
1884
2918
6946
2776
5388
4268
7153
43
2502
8121
4348
6916
7080
729
5566
120
4258
6683
1868
5263
9138
1230
5650
4524
8034
5691
7332
2058
1769
6305
2085
8962
6831
398
4558
7950
4813
2783
6583
2317
7181
7604
9359
5559
2060
5094
1243
1723
6128
8699
4311
5243
4207
6518
9544
3986
7109
6785
3952
8958
1945
864
7198
3764
5848
851
9108
8285
8410
5818
2524
7289
2884
6799
5120
9469
1548
5199
5119
1922
9052
3939
3228
6010
2311
3345
6131
4667
3302
6909
3330
9732
5435
1832
7019
9990
7900
3785
7912
660
3092
69
3123
3249
3336
1620
7849
360
1061
3254
156
2957
1900
5709
4460
5986
9397
1677
122
9353
2851
3256
7037
5983
4196
4177
9404
3389
3295
9723
4668
1155
7929
7852
2633
4135
3900
9972
3718
101
3596
5163
8490
5225
5450
1885
1103
968
2287
9647
1373
1986
8337
368
9646
4749
5464
2926
1945
4786
2181
3140
2425
7576
2456
3666
4447
6699
6013
7080
5785
68
1633
744
8939
684
3690
3445
3199
7360
2567
5514
7342
8351
8325
6598
2068
9972
9822
3683
9344
673
6443
622
8305
7088
1787
782
7065
2257
322
4797
5420
711
107
6036
2831
3799
253
4323
105
9419
3733
1003
854
4460
2064
9902
1303
664
9493
8560
4201
4877
5425
6328
9315
5366
4749
3375
9133
9398
6050
2697
9078
9853
5154
9567
8252
5401
2682
8514
9050
4740
8369
2795
618
8434
8359
2807
4751
6408
7169
1436
3393
7277
5782
6471
7396
6544
4651
6994
3544
2867
5428
2413
5521
5677
6008
3119
1337
317
955
8555
4823
8597
1032
5673
9280
5078
1914
6107
9459
5935
9188
1398
4220
6756
6158
5472
9688
6685
7805
8763
6645
1343
3164
5111
7259
6354
2889
7521
410
6418
3879
514
1064
7925
6511
7066
5132
5951
9853
340
2649
361
399
1751
7732
2571
9115
1833
1147
9196
6683
8511
9755
4627
2152
2306
6037
5263
348
8036
2508
2534
3583
5146
5166
3070
2580
2608
1767
5721
4237
6593
8008
1900
6584
6795
606
5659
9997
310
3151
4428
2481
3718
9080
6446
8883
3350
4926
5378
8700
5499
1149
285
1404
3987
7536
9495
3746
777
664
4099
1932
9815
3539
7215
7003
595
590
3811
9979
518
6632
1926
5454
2326
6095
9721
7017
2465
6995
395
7858
7171
8439
9484
2715
8835
1717
9720
8542
2045
4738
1181
8480
548
5312
7773
6603
9780
9981
8312
7254
8863
620
137
31
3905
7654
253
1319
7544
2491
5224
8987
5798
9753
3856
3768
3628
7798
797
3083
1834
5432
9471
7542
3714
627
2053
1377
2450
6740
859
4494
5812
6608
4710
4789
4706
8066
7061
526
4266
9739
9363
2378
7538
9850
4158
6697
9502
3980
7751
9541
7488
9985
1300
4022
8229
7972
8806
3599
8608
3899
7541
1385
6540
1549
434
8766
3661
3575
9203
4382
6381
8706
2841
2801
7586
5756
1155
3869
3025
2787
3261
8071
3830
3363
5108
7519
6304
4638
1376
1326
7375
1543
3346
1302
9571
5628
1368
4337
4500
4364
7732
5567
1851
4009
6150
6841
8528
3349
1462
2619
533
1994
4852
3433
9765
7961
157
380
5763
1786
2622
3652
2525
4717
7472
7103
4751
692
8788
5242
3071
7845
52
9220
9342
4887
9370
6156
4939
2297
6044
5699
7120
4273
6515
2575
9400
3261
2979
8636
9397
3011
9515
7683
3320
5331
8288
7896
4835
432
614
8201
8035
338
5357
7164
1019
2210
2995
6411
7268
2412
6503
7926
8104
3321
6531
8703
4875
56
9691
9718
1590
7750
9863
8994
9861
9077
9281
1856
9802
4091
8412
4668
4225
5659
2365
3813
568
9471
8196
8188
5989
3167
8085
2508
3204
2977
3217
3538
8912
4594
7952
1377
9722
7844
1648
4879
8655
712
8136
6140
9415
7192
2970
7724
379
3398
5647
6092
3465
6214
5815
769
7799
9406
8585
5933
8318
184
4693
9059
8815
5175
6882
4239
3441
5969
9341
9090
5890
2413
8882
9120
2545
9117
9743
4171
7396
2931
6208
4531
7315
8215
4885
778
8570
3824
834
5023
1380
8432
4806
9303
8491
8552
4648
6162
2566
6557
8370
162
6625
4413
9521
1922
6612
8282
8672
3481
551
3169
2760
5960
2619
2026
4770
4377
8629
8039
606
2879
2410
4062
9247
597
2926
7882
5813
5397
2990
5852
7330
8159
3348
5820
7885
7819
497
7517
9761
8698
8815
4624
6798
6252
2409
94
5833
1749
1453
4269
6280
1995
3996
9091
5206
183
975
8774
5245
7729
4949
4278
2367
2963
7721
3276
202
9284
1999
6386
2179
9742
40
5755
8444
3215
1994
4711
6218
4093
4948
8606
9682
9134
4514
3544
9622
3253
7214
2315
4198
2544
7463
8560
2463
469
1078
4328
699
9004
5061
4762
7889
4353
1850
1530
6379
2735
2521
1362
4900
9745
3388
7144
5075
7554
8190
1506
9644
1856
4249
9600
8350
946
8185
4315
3231
7272
941
2834
6692
1170
4670
3040
7034
6274
3755
1830
7732
4727
3220
8798
1070
2709
2408
6919
8163
8751
3537
7872
1541
904
1115
1806
7562
2590
9150
8539
324
7381
5421
6503
7981
1934
3253
8532
7768
8424
9620
4807
5927
9941
6156
3173
4339
5750
3746
3583
7082
1259
171
8288
5121
9137
5430
5661
5685
7468
1696
3709
400
3549
9319
49
4066
5276
2141
3799
7716
8631
5881
8595
2847
3814
7542
4599
3706
8375
3068
7507
2761
7240
6121
7221
2970
4462
4538
2146
303
8419
9001
5006
7576
7323
7849
44
6217
962
9913
4796
2201
9419
4198
6118
3737
1143
8455
5546
4851
8184
3123
8525
3140
8081
7774
1486
1769
3541
3752
3891
7909
5022
878
7071
612
3742
351
8242
9992
2991
943
3410
3645
1355
1159
8051
637
9798
5644
1869
2661
143
7678
7362
4107
2673
6474
6853
271
5914
5574
3348
7149
1196
1955
5336
3418
5528
9454
8323
2113
7567
9390
1529
6983
5365
1967
7927
8814
3402
1409
3376
530
140
6859
6075
4364
2797
9426
1142
1114
800
1311
6170
8343
2112
1005
6836
1173
957
6427
1210
9655
9978
3195
7625
5815
8287
1900
6300
8343
196
2909
2512
3111
3276
8273
382
3788
5206
286
9960
2872
6681
7667
7018
8755
9871
5837
7487
6568
2230
7315
6758
511
4180
6232
8123
1675
9148
6288
3267
3940
1127
237
8116
2315
6072
6368
7028
2871
3390
9901
5570
3431
3136
391
9585
2078
5647
7753
2057
8064
9776
7172
641
8415
1560
9170
6410
202
4545
9981
2856
644
5887
8458
3681
5772
4370
8524
561
5455
8242
5122
5600
5280
6498
8215
94
6635
7565
2420
7574
7163
6715
8115
118
2603
9695
5636
3725
7000
9937
7819
98
5241
1710
9659
5372
594
6243
9573
4203
3989
3156
7174
2626
7631
1959
2592
4274
6987
8736
4787
4437
9033
240
2480
7182
9469
7840
5637
7659
8244
6471
5940
6663
5283
2298
5430
6380
3341
7694
2921
7899
4532
661
2383
3165
2760
6990
4145
1294
1979
2195
4105
7049
8125
5540
8301
3473
2078
3660
8500
1664
2976
4707
9985
7670
7004
9745
8908
2927
2118
9447
8744
450
4784
4361
5817
4892
537
7444
9812
8199
7686
5088
7750
7129
4357
9308
7566
7082
1847
2895
9814
4780
1953
2107
2238
5086
4754
361
8255
2055
3336
3285
101
7649
6923
4127
5628
9174
8189
4157
9041
3617
5537
4251
7374
4046
9528
7377
3204
5149
6712
5591
818
7614
9781
6570
7101
1714
2413
893
1873
521
775
5923
5061
6518
1489
3763
3127
7423
3316
7420
6742
3682
6333
9745
2817
5617
9954
1896
6509
7815
7933
6274
232
7293
3596
5985
464
4260
3365
8344
1634
5977
9318
4092
9537
584
2628
9020
2965
6026
28
9324
7489
6435
4627
7942
9708
8227
2909
810
5533
4380
3623
2086
4111
1657
5293
1152
1070
4682
2293
6374
9954
8194
4671
4523
4870
7310
8877
8673
4670
7083
9634
7369
9588
5261
2182
6620
1730
3639
5121
2130
6951
2346
6508
184
3511
6443
7225
8549
3830
2044
6475
9811
7735
8680
1217
9068
653
6981
6904
5251
1959
1869
2338
7352
7407
2440
4530
3466
582
1099
5030
6011
6993
3931
2113
1268
3380
6596
9094
8863
3509
1840
8391
9500
638
1515
4749
6037
3542
4533
1851
4818
6130
8437
5048
1301
7731
7235
1667
7050
9272
5420
996
1242
9767
6561
7812
188
7503
7875
3737
597
9133
9868
6147
6817
1313
9231
5942
8766
7274
427
8662
3539
4833
3549
2154
1909
9043
8367
6588
435
1282
2905
5045
8184
7019
3861
5538
3985
6338
822
4871
1473
7074
4714
8
9895
3897
7597
9574
9003
1899
573
5921
7140
6969
1505
1912
8451
6819
2688
5802
7048
6790
3419
8937
8714
4524
8135
858
1490
6800
3552
7116
5943
2557
7646
3513
4614
8453
8922
415
3529
6163
7453
5761
7638
4575
4256
8222
7405
4906
5507
8008
2809
3970
4326
5385
3123
63
8545
4161
2774
2745
3172
4901
5980
3289
1538
7473
2101
3116
2259
9835
9835
9401
9527
3520
7696
137
8001
7574
2830
9678
824
6123
6988
2052
5312
3310
5475
8484
8515
8268
7947
4808
3142
1331
8664
2202
6226
4990
4483
367
1150
4629
1607
7066
9397
3475
6147
4002
4286
2125
4840
568
1046
6446
5493
8081
7644
7752
6938
3799
9638
8875
2367
7809
2348
4942
56
9614
9311
8696
7938
2965
8851
150
6220
3866
7201
8844
1095
4583
2646
5958
8752
8055
6802
8109
7141
1624
486
1249
7408
4843
3743
2396
2365
9699
393
5461
8834
6035
4625
9285
9833
4431
4898
6180
6771
7469
6415
8118
1974
1932
2631
6860
547
5693
9896
6151
761
8035
3803
6072
7002
5881
4742
9168
7086
7327
170
1128
6665
4145
209
410
185
5407
9843
761
8802
8382
3247
7467
2566
9019
2237
9898
511
7661
7009
2049
4914
6405
1033
6395
5067
6404
2051
5777
2150
8037
9638
405
7090
9835
3795
1443
6284
8366
9694
2250
4927
5743
4303
5725
9628
2508
7082
2193
239
2324
8329
8705
3318
2141
3660
4160
8995
9314
202
3829
2719
5626
8877
5350
1991
2906
283
1649
5884
8396
4080
2131
7265
9990
7028
9724
3937
3834
1081
9319
2799
5741
4826
9737
375
8854
2550
3473
3509
3839
2442
5891
7844
2964
6682
5658
2041
186
9294
9106
4238
5898
4096
6948
6908
8194
9314
3317
8525
2623
9733
9205
4957
5580
5309
236
1931
3299
448
1466
6789
488
1650
8915
536
6006
271
7517
3874
5529
6216
1377
4599
4169
5298
8429
7324
3255
305
1863
421
662
84
4102
3982
8409
3425
2764
9578
2584
5504
1752
1408
5604
47
4118
7512
8694
7486
2384
7833
62
2357
5372
9494
5760
1399
6949
2379
2282
4136
2718
9608
3576
9746
8116
8233
4603
22
8498
3083
9957
8281
1803
5936
9322
5033
5002
5571
196
919
5986
8603
388
378
557
8470
5707
8929
5923
6128
588
9593
7677
3945
2638
7614
8232
3346
780
4404
4542
8413
6322
9411
6569
624
8518
9775
7251
2086
6659
6547
939
2156
3837
7766
2006
5528
2033
9869
2716
8502
3558
8245
6772
9053
3983
2632
5741
1192
3609
765
5843
1326
8559
750
1716
6255
1989
3879
9645
2018
2484
5768
3247
3087
7438
1903
1402
8417
5042
1721
6271
2000
645
7226
5372
7532
3420
8471
7434
4019
4275
3804
1858
3291
8983
2400
1157
7464
6217
7662
4357
5253
1855
8873
8424
485
5600
219
6278
1981
213
7683
5286
7445
1679
1058
6857
2906
9226
2204
9592
7217
9712
6649
4817
5550
4182
5452
339
5474
8232
2545
5079
747
7050
9361
8230
9772
6837
4809
9071
3788
3368
9175
5462
167
6972
6428
4318
1620
8119
1944
182
9496
247
3265
153
5193
5808
8376
4928
855
7524
6517
7212
2583
960
138
6883
160
5704
7955
6874
3092
3447
8445
8556
1653
7165
1475
3247
3792
3926
8927
9406
2003
2213
3973
4634
2224
8921
4649
8072
5651
5279
2749
508
9706
1680
2578
1942
1209
2984
5579
2795
506
6519
6627
9910
5947
417
6969
3746
2448
6590
9966
4279
6365
9127
9025
5513
1869
6858
7189
6434
7000
5640
175
7026
5188
1705
7079
7262
5819
6393
4344
6482
211
7503
2102
1437
4632
9605
4618
9351
147
4511
6760
4295
9062
7734
3246
301
2609
4903
3358
6477
8081
6453
3523
1557
7290
1638
5848
5748
4627
5113
1021
7346
6398
370
1301
6711
8548
1833
7978
2367
7994
5636
9787
7237
6513
7508
8722
2477
5489
1374
9447
4244
6326
6281
3188
28
7669
3759
4035
1337
9399
1956
6889
7839
5264
4974
5836
8232
5823
1182
3566
5554
7807
4360
9669
3205
5611
9614
3259
6757
4366
4838
9305
7560
3428
8336
5822
3983
7005
8273
8106
3980
9342
2895
6245
4341
6932
4797
7258
2539
6603
5508
3103
5424
5510
3700
501
9594
6370
6653
872
7811
5967
6520
9498
9113
9800
2257
6203
8493
9921
5592
8776
4321
908
6444
1818
4201
7655
9067
7547
9375
5022
20
1215
7253
9152
7647
5174
4994
1895
1373
9054
9565
6907
4376
5346
8260
7588
4098
9999
5899
1097
2215
4773
9675
4565
1768
2591
2314
9229
8793
6059
2217
6465
2034
148
6251
3620
9212
4486
7366
5667
4550
815
2326
2014
7150
3319
3322
5828
5144
8231
1347
9235
1667
1030
5346
3747
3734
4913
816
7714
2985
3331
7311
999
2058
7095
9308
1550
7013
8605
8898
2453
7855
7032
2633
948
9786
7921
7583
2837
4443
5903
1538
2624
7954
2909
36
3067
7570
198
2483
4934
6618
4661
5764
660
83
6521
2911
7465
2615
8000
5288
9759
9480
2439
788
2720
9041
6330
3364
465
177
9819
4561
4273
9402
6747
871
5901
3538
1767
9758
1486
2858
8936
5780
441
40
7967
4967
335
4952
4675
2935
9852
3755
2387
426
3496
4528
2096
9114
28
9529
401
8931
69
4920
951
5828
785
9919
3705
5185
1637
1144
6396
1156
5456
8402
3764
3017
1913
8825
2868
1693
9799
4207
8422
4151
9752
6396
359
3996
4750
4211
365
6670
552
8919
9213
9946
8219
1303
2744
3351
773
811
5142
3938
5587
9572
5768
7593
7353
8304
7127
9508
2876
9194
3161
1613
818
5785
5204
5402
5532
7551
891
5850
4057
3416
4508
9899
5259
2009
3855
410
9986
5209
2590
7086
847
4871
2650
4922
4949
4133
3071
1096
6470
5613
9150
4170
6060
417
4693
6312
6135
4590
6882
2107
9201
5053
543
6128
9707
7898
3540
5495
546
6119
2971
7328
8021
365
1206
2159
5819
8865
5921
6749
8619
5912
7006
9962
9471
7063
8640
2175
6314
637
2115
7129
4349
5940
2429
5931
5334
5854
2147
736
8692
8569
6290
9683
8365
4333
2392
6827
8955
1476
9394
815
8469
4938
7960
6966
5229
3691
2406
7350
2439
7626
3776
1224
5831
6361
3408
4060
3554
4702
4397
4382
7598
3021
7931
96
6907
1610
8570
9403
7445
9842
8959
4485
2544
9611
291
357
9416
8259
967
7100
6252
4865
4162
7098
9218
5925
1250
9810
8316
1804
2665
4111
9693
9285
8118
1116
3914
6699
1301
8360
3112
9358
3197
4036
5465
8821
639
3542
3193
8287
6460
5436
3453
9011
7587
509
5369
1926
2804
6477
9040
8024
5867
8974
6771
6128
1041
572
4211
6977
1291
4138
1229
793
2274
6825
4017
6281
6546
814
6236
8076
1919
1686
4369
5469
162
4968
3309
9201
8918
5804
692
1409
6850
76
3669
5801
1002
7440
9194
458
3900
1529
5261
1742
6525
7935
8736
2856
2913
7106
5570
7574
8626
9236
6025
1572
5838
4104
7578
53
2901
3041
7392
6608
3031
2830
9309
2918
7750
7986
6585
7393
4420
9501
5519
5091
1824
6967
8629
8272
4979
829
8091
884
8316
4346
9147
3013
5658
8313
6596
8281
8242
3870
7905
5041
6965
5234
498
5528
8782
8092
323
9836
8935
3829
8130
1866
9150
4225
7244
4899
2571
9792
8028
8371
4606
9059
2689
4567
8808
9741
7641
8619
8065
4064
6569
4652
2946
7378
7903
883
3100
8958
1260
5108
2202
5755
6471
5881
2452
6068
9881
6352
5789
1286
1192
1205
9035
8915
7926
8677
807
6493
2966
6578
7463
9705
3905
2539
3101
2698
8369
4314
8325
1426
4186
4791
9475
2512
6744
8234
3682
3363
572
3584
6625
4341
7728
2499
1252
640
6606
8543
1971
472
738
4641
3138
335
6681
6625
7657
5027
5326
4119
8041
2038
1119
8518
600
7727
4750
4808
6137
9272
2898
6455
9112
6782
4492
8918
6780
4261
2076
3615
2100
1119
3467
9457
6065
8357
5496
4445
7269
9960
6634
5062
8430
1294
7356
7980
2815
7962
1754
267
9863
1787
5884
6289
3009
3799
7626
1609
8273
3576
2173
3226
3618
3944
2938
2361
841
1138
3603
6179
8200
4561
2690
1577
8771
1932
5300
4120
4789
5611
1141
7780
5032
5268
7917
6329
3102
7736
1824
5860
5569
4428
6995
5078
445
4844
1307
6152
4179
4332
7954
5494
8074
667
5066
8859
7481
7936
3546
2009
4576
5341
5888
8111
8522
2568
4807
5705
6051
9733
231
2254
8352
6402
5079
438
1696
6230
4759
7172
3154
6711
1750
5294
197
7097
3508
1920
5018
5550
9426
3036
8569
9346
5378
1691
9217
8431
9389
6934
2028
3677
1364
9327
338
7637
6865
9270
6176
924
5365
1843
8210
3880
638
7007
6319
1744
6137
1409
3723
3761
3758
1958
1546
8860
3900
5347
8839
4655
1549
6040
9322
8587
296
5552
3080
7783
1724
9610
6265
3936
659
2219
4589
7105
241
3401
4768
579
9326
8095
9402
8900
1767
7783
1305
2574
2141
9495
1865
6124
3096
5247
9285
304
8096
8503
2603
8247
5380
1824
9463
4551
1214
8745
6326
6131
8997
3375
151
8583
2544
1378
408
9939
4443
4391
9934
5004
119
9840
9620
5346
9078
369
977
1013
7326
9441
9505
2571
5756
9565
335
121
939
8879
8274
1058
4696
6063
9379
7187
123
6040
8568
8849
2937
8041
659
9849
8523
2672
2223
3072
3435
6553
6359
5989
5452
592
6559
5034
6950
4843
7506
8439
7071
4725
1204
1671
2818
5072
1114
1805
5338
4816
1676
1255
4875
8619
6902
9958
3686
9046
8947
1931
2130
275
2787
8158
4395
9817
3644
2291
9758
2457
5680
1192
1856
4813
959
4442
290
7394
3825
7390
2804
888
6636
1784
7677
333
3686
9751
8328
49
5419
9866
8613
1500
5805
8561
4563
8480
755
6251
6611
3428
7937
344
8547
6011
699
3085
6597
6851
7774
3694
4872
73
7330
9921
5788
8539
2159
4092
5330
5866
6703
6942
3351
5598
7618
3216
2387
3209
5957
8567
4499
9604
3948
2389
430
9408
4540
4178
9402
2058
5478
883
8077
804
2923
5062
6100
153
1992
4783
9967
2156
466
2093
2431
2552
4483
906
1435
3182
5762
1452
1510
5096
159
2535
6618
2633
9853
4122
5636
8335
158
7624
701
7456
5388
5469
7433
2083
3290
9993
1103
7290
6586
8866
5162
1157
600
3317
5070
3277
9359
6681
2671
5316
517
1891
4200
8693
8967
2626
7685
8332
4540
6289
3478
8560
69
5399
3447
6832
6088
8673
1386
9745
2539
4596
5911
1295
4568
4948
4026
2581
9818
3336
7775
5187
2230
8295
8499
9815
4791
9673
1225
2804
7163
2343
9439
6233
3947
7741
8718
8632
7194
286
2575
8339
3110
8850
6558
7316
7473
7336
4419
5896
4077
3185
1620
5311
5255
3812
7304
7351
5952
599
1990
6355
2869
9137
9393
6952
3020
4175
9599
7839
8900
6644
3944
9365
3219
8904
9155
8053
8850
5645
2850
3705
4881
4655
496
5882
2495
4600
794
6317
7600
3635
3537
5204
1138
2417
7124
7330
6875
7983
6069
7069
4001
9110
8487
2489
1661
7424
9129
3323
8834
6496
8815
406
9669
5354
1384
296
2929
4466
8925
9060
5917
2765
7877
7914
5108
4877
8556
6547
5486
8706
9089
2098
9176
1854
4192
7127
6361
433
6732
6452
214
9036
836
2865
3709
9709
160
6651
7189
3543
6081
7415
7049
5784
7724
4774
790
590
5098
2399
3144
8081
9367
5597
171
8408
9776
9265
3559
3765
2198
505
6584
759
5442
6071
8800
9619
937
2188
6176
4569
8196
4236
965
58
4913
2055
3045
8713
6127
7325
4826
8586
5196
3278
7707
4034
833
8324
2212
8933
3532
1671
4100
4319
4090
600
3871
6966
6788
4571
8955
6824
2992
2056
277
6793
262
1640
305
8968
4624
7035
589
4722
8243
4728
3727
2096
71
2881
4047
2547
9642
5005
882
1887
490
6562
8050
8970
6028
2588
5246
5030
8701
8791
9173
274
2097
3625
233
3847
9305
9874
6260
879
5093
743
8512
492
5867
2605
409
7073
6303
5823
3850
4727
5342
4906
4057
2907
3344
4869
9788
546
427
1143
4941
5116
4014
6191
1396
3995
2703
5529
867
5673
4773
104
7522
5222
8751
9938
6101
8656
4705
424
6145
5681
7329
2696
1306
9623
1751
3226
5796
9837
8616
4068
4074
3436
7914
7508
9205
3700
5137
8593
9679
2512
7309
2205
2501
3248
9351
5671
1557
1522
8444
9005
3719
2184
8851
1196
4554
6416
6917
4681
7769
387
9594
4566
5975
8971
1659
7871
2914
5629
5999
8916
5276
8942
7796
983
9934
918
2732
5798
4274
2622
2182
4085
8379
931
8972
4121
4333
7229
5755
9003
1744
3733
3282
276
5062
643
6664
6054
308
3935
1345
6677
2687
5888
458
1229
23
9048
9633
6729
2467
8967
9183
7804
8328
8359
409
4308
6780
6945
9750
4694
6366
7365
7396
7491
9757
8674
5132
4737
3669
2554
4440
8402
2198
7013
8400
2166
9294
80
9181
3037
1909
4171
2926
7016
7355
3039
8717
142
7517
1482
8120
1321
2131
3329
5221
8186
4738
951
8171
3869
3743
5670
9721
7744
210
8535
9706
4434
6108
9452
300
8358
5902
764
4621
2022
2919
4076
7264
4791
7718
5317
8077
8251
7932
815
8638
6042
7940
834
4563
8245
1539
6726
241
3497
9327
1735
8307
3880
8319
5247
6880
7542
9610
2343
3192
8413
5244
7277
4031
88
6865
5555
7687
3836
7678
9929
9361
8966
6018
3915
1706
4494
9299
9946
2600
8970
343
5896
4338
655
4530
7867
9130
3719
7805
1837
9252
2403
6983
2627
5032
1998
2946
1922
8877
2612
8032
5811
450
9809
1799
4313
3019
8550
9468
7336
3363
2877
6256
8020
1149
2729
4761
8829
268
6474
1140
8045
5247
8523
6868
6813
3357
8455
8607
5339
5455
4742
367
3138
1461
8328
8326
5094
4703
3458
6492
9356
5733
4930
4209
3594
648
7978
3771
5096
5997
5915
7745
2146
59
9289
6416
7616
8866
4105
6618
7814
1618
1023
7629
4882
5797
9131
1106
9203
8859
3431
3330
6515
6451
2591
2386
2196
7709
2566
914
4362
9154
3131
1675
7045
1296
1166
9141
2080
1540
2245
6770
8466
9204
3503
8264
2504
7525
4909
5089
8914
7048
3740
6974
6374
8755
6403
1114
74
4273
7703
9706
2141
3026
2712
8577
5354
7314
2856
4286
994
9830
5591
2525
4835
778
5746
301
6364
9786
1509
148
8035
4511
6088
5707
5741
439
719
1800
5959
6756
2182
4642
9764
6970
7964
5349
3778
1864
8480
8392
4531
2029
3691
5664
3522
6246
5187
3543
3119
5405
3122
1009
1038
8059
6245
1711
168
3196
6528
6573
788
9102
5692
2756
1797
336
4136
7450
3163
2812
640
9864
4218
6349
8766
286
8563
3646
9773
5490
3094
9518
4278
300
4126
6689
410
807
3671
51
3141
3272
7100
9512
2813
4544
5624
2390
9997
2065
1306
1092
7726
4116
9534
2615
7682
8236
8911
835
6142
4839
2413
1805
3620
5826
8781
2297
3980
1912
8458
2568
3994
7669
7291
1698
510
6294
3511
2983
8021
9853
2630
1383
3885
1948
8643
4080
4963
1929
1779
5006
605
6923
8411
5872
6882
1014
9618
8879
727
6073
989
2187
9384
861
5919
5018
6300
4297
208
584
225
1351
2755
9866
187
9238
7471
3490
414
9924
2956
8496
9938
2692
4866
4905
8818
8832
1572
450
2992
9390
8068
2065
2969
3439
3984
9473
3050
1983
7482
7229
173
6041
4785
4127
5949
7348
9768
8503
3732
4935
9755
5834
718
120
8642
184
4996
8665
5205
643
5468
2127
8775
7166
1385
1328
342
9546
5650
4034
5511
2434
9776
8046
8742
5167
9487
2624
6628
3439
1578
9440
166
5079
1343
9915
9696
5613
1480
6319
4780
1792
3543
7230
8518
8108
2457
5767
7751
6051
7075
9274
3325
9447
3327
9933
5288
198
2761
1058
813
8135
135
3187
5868
1801
5958
5593
7061
4429
3324
845
6843
1986
5380
2882
345
9355
9233
52
8447
8478
3342
1564
3852
9429
6819
9193
2191
1710
9288
7554
8354
3684
9794
7019
2483
3625
4046
4055
8039
3349
6220
917
1849
521
3462
7292
6637
2785
1972
1193
7379
7705
3766
1838
4287
7461
9914
7819
933
809
2079
2746
4645
9452
2451
140
896
9001
374
7143
9918
6973
5071
2627
8482
1776
9271
6655
3863
8400
8615
3356
4579
115
9295
8374
1762
6292
7144
1715
8853
2609
1325
4528
9964
5390
5023
8644
6738
8926
431
7034
7056
4613
8147
2845
8558
3777
5055
2176
7948
1549
2927
8553
342
5280
5958
5338
3918
8227
7679
2139
3241
1785
7601
1136
8361
4761
8704
9522
8932
481
4726
3277
4477
161
8408
4620
4870
6994
9921
7294
4356
8253
3202
2179
5082
2984
5967
9662
9858
7812
8303
973
1932
2283
9163
1659
9795
9638
2668
2796
9670
7033
7871
5020
6814
8222
6293
1143
5952
8909
5393
8264
8831
6431
5175
2480
658
8879
8556
5978
9053
9485
8553
5883
3735
8069
8498
3531
7383
4723
1533
5604
8479
6644
1684
2818
3118
160
6048
7249
756
1235
8877
6283
2400
6189
4280
5311
2562
4752
2951
7408
8460
5245
9205
2790
6965
5973
1378
4321
1124
6140
6015
2415
6753
1253
8686
6473
2814
3708
8954
3510
8855
5614
3616
5307
7991
101
2994
654
7723
681
3004
2087
7772
8005
7722
9980
733
2154
5218
1561
9506
2853
8980
3232
8861
9765
5238
3530
3924
7304
2348
663
1312
1568
4732
1862
4434
2009
9348
3343
9558
6267
1888
9137
4444
1860
5533
6205
3538
9805
4459
4500
6308
2425
14
3514
3285
7476
27
8142
6713
1810
913
9664
1117
8174
3214
5282
5682
7647
6247
9675
8402
5840
7949
3186
4868
3229
4167
1740
8224
3247
6746
356
6223
9514
8895
5813
3966
1676
5043
7374
6748
9893
1551
6431
1369
4381
6406
983
4117
1837
110
316
4348
8068
7435
5725
4237
9727
1270
8577
4697
4478
3050
8991
1911
1717
3126
3288
6789
7162
8692
6967
1070
3195
388
9539
2110
892
1264
2843
8949
7750
4542
2323
1864
4581
8603
7402
3496
3182
6077
4193
2484
6365
2916
2969
9732
8457
509
9800
2042
9108
1374
6986
2139
5081
5698
8889
5787
7519
6438
1047
2733
786
9341
9014
3794
1710
6684
2519
4813
2695
428
7979
7368
8259
2274
430
4864
8714
7921
575
1704
5282
1940
2722
3288
8084
9049
4043
9496
2531
3355
9636
8378
472
3073
2147
9885
2440
863
4953
575
7131
3193
3536
3270
8062
5971
1252
6580
4563
9331
4874
3279
7890
5932
25
7489
9216
4750
9707
2656
116
7734
7068
2678
2897
8871
9543
6604
3029
1830
434
559
1489
1466
9563
4553
1274
2467
2628
3315
270
3596
2421
625
2746
672
3601
4745
3053
5902
4703
9304
8887
1969
4536
3591
776
5798
8208
3501
7882
2569
1097
600
1988
9894
2824
6450
3444
7300
8683
5225
8383
8194
5101
5091
8937
1983
8049
6669
5328
9555
867
3877
5064
2757
6099
7311
5050
5025
4913
1435
3845
4059
3156
4701
2291
6598
9605
3406
5132
6802
4381
3820
1061
5467
9498
3108
2524
2935
5121
3913
2704
6033
8737
1245
6706
9047
7553
1466
810
8060
3244
702
530
2973
8163
9585
4908
7722
9696
3970
4109
8859
5612
3356
1199
312
1732
8620
3365
1348
5456
8878
4982
8290
9687
3396
9897
9781
4783
2957
5647
6610
4724
1979
5737
3988
373
8841
7385
7473
213
7688
2335
1057
8706
774
3922
4118
5897
7381
8100
9290
6250
8907
7702
8476
3011
7732
1060
9332
1438
8518
4354
7833
8158
9852
7363
4961
237
9072
4852
2674
5334
4615
731
2949
148
2769
1803
2639
5244
8456
721
4065
5072
7551
6636
8469
7695
9175
1110
5457
7327
2851
4047
288
6044
9082
3293
7662
259
6345
3208
9878
7288
6845
5602
3141
153
1090
6968
2192
1370
4391
9448
615
6429
9550
7752
7377
9169
5367
4954
8375
9192
7067
9222
9338
9469
6873
6430
6274
1225
4316
1811
6147
2749
227
7060
9270
8033
2133
9413
8115
9751
2130
590
1185
7529
6153
3547
5380
2868
9323
4469
8007
8894
5457
2923
8621
1448
9449
1287
5390
1837
1752
1821
5395
2178
8213
7859
1142
8998
5699
507
6233
6616
6720
7454
9259
5723
880
4156
149
5007
1551
2493
6010
2365
2659
7558
3647
7649
3080
29
8492
492
4671
7364
132
7025
832
2328
309
1653
6095
9266
4141
9971
7730
206
272
4519
272
9158
5387
4673
4612
266
1398
3895
5571
4309
2562
4083
975
2890
5250
4591
8249
43
4172
9865
9710
6035
757
3984
4979
2236
5473
5876
453
5470
827
8780
8048
1513
5378
4100
3368
3369
1852
3416
9491
9660
6929
5913
430
2567
6197
4464
5854
1725
2071
1067
3872
454
6811
1804
3709
2535
2029
6239
3625
2631
3146
6059
5890
3627
9735
5101
1631
2950
3706
3336
102
1181
137
2460
9607
5992
7540
1389
9091
2303
6994
1430
6859
5161
63
3534
8920
5173
1831
4699
573
8587
5085
2102
944
8334
6285
2761
3749
63
2383
4456
6445
216
2606
723
4280
1851
3313
5707
6094
107
2483
3664
2489
8690
1567
2321
9995
2621
241
1010
9049
6135
7838
8502
579
5716
7074
8707
2612
1578
6879
9873
1621
6141
4734
941
2976
5494
8350
5296
7983
8173
2060
2669
6000
3666
3236
9959
2991
2896
2072
4394
3797
6941
5866
5771
3555
977
5930
7979
8231
2588
264
3802
9786
7596
7480
2476
5145
7656
4241
2442
889
6542
4228
7666
9590
6604
1886
9199
4577
2737
8280
3797
6876
6097
2052
5506
8297
7648
1101
5703
8899
5163
127
332
8855
7939
1755
5490
1050
7037
293
8441
3856
9244
2725
3216
774
2692
5277
3640
1723
440
4727
7726
8223
6603
7853
8192
4183
9526
9723
4361
4253
151
2404
3659
3337
3091
8361
5122
3294
7086
7082
1419
1379
4465
3847
5115
6441
245
344
8152
596
1086
8864
1532
4781
135
3504
2869
8134
1452
6399
7446
3250
2604
3357
3465
9012
534
7985
3805
2388
4769
3764
8277
1597
3505
6317
8734
1778
138
7865
4017
3733
8292
6054
646
5156
2077
9063
402
41
6053
9025
7608
7398
3821
6855
3630
4203
8987
819
5199
8563
4667
4391
3101
9610
2429
7695
2551
63
4179
2707
4695
731
4837
6798
7678
6201
9958
5692
3139
5287
9643
2449
2398
9066
3553
6935
7216
7268
5134
4180
5384
4490
5171
1760
6160
349
7581
1345
6397
719
6385
8085
8631
8628
1876
5799
2762
3111
1742
5203
4499
6447
5847
1564
8760
3118
1320
7272
8304
6827
8129
4258
380
932
9570
680
6524
5771
8348
6958
6775
9531
9053
6486
9352
9508
3281
8063
3726
3225
2877
7519
2110
1932
3477
3744
6248
4166
8482
4951
5636
5911
2510
5262
8935
8183
6370
3362
9282
9865
8368
3935
838
138
1618
6937
8968
6769
3269
7174
9039
571
243
6028
2777
2642
1704
4695
7437
8010
1891
7627
7057
3633
5072
1608
7251
1408
5379
72
5003
3958
5491
3504
8634
2910
7196
1922
9485
2479
5567
6412
1899
9080
868
5454
9518
2827
6392
6807
3235
3476
6977
6329
5714
725
4179
3709
7229
758
5703
4177
3713
9494
7135
6726
3219
7077
8643
2453
2144
3226
4202
2855
9324
295
9569
4622
6016
4572
9045
8689
9125
7594
7697
6910
4088
3507
3081
8196
8372
9083
8079
6767
670
7237
2345
4342
1845
4790
9318
3270
490
2632
7579
7645
9752
6098
6801
7256
5999
1374
2465
7476
8792
2984
1771
202
2244
102
1527
7795
5368
2596
7787
3756
6710
1479
3300
9753
6452
2901
5339
6977
1550
9923
6823
6179
252
48
977
763
2478
7476
5726
2671
490
138
906
6728
9905
8544
8791
6268
5933
4183
4888
4393
5802
3339
4876
1227
7760
562
4670
5067
4034
30
6514
9933
9884
5274
4605
7302
7023
7040
6732
223
9685
8166
495
7696
1238
962
8684
7565
6277
1470
1982
7246
8246
6885
9785
6344
8429
3142
7719
5405
4859
9613
7566
4246
2500
8763
5889
5925
8736
9759
6527
5887
7931
7255
6453
3094
8024
4000
8555
5323
4205
1904
2479
585
3788
3498
59
872
3510
667
4150
2329
7751
6930
3911
1623
5407
8219
2570
9379
1999
538
2747
9302
9882
3970
9064
8477
8303
4560
5634
5385
396
5884
4070
8718
1525
190
7350
8278
5043
4063
5807
8379
3755
1395
6793
340
2318
7817
3006
3307
9304
1235
6109
3052
8746
9907
7794
6750
976
9462
3965
9397
6417
171
8813
939
9582
7350
4163
393
674
5784
9063
823
7107
7790
7801
7799
3245
869
6814
3880
6837
2202
3558
5918
9500
2022
2335
4529
4871
3240
2603
4130
4085
4519
753
9896
3097
3091
5307
1316
7680
9614
4431
5869
7342
8931
8814
858
7256
3349
5009
7345
7737
962
5697
4401
4418
134
7359
9925
955
1800
3750
7323
3482
1853
309
9389
9490
9358
1996
3643
8984
6045
8918
4399
4550
7700
7397
4547
7162
742
4957
7081
9008
8943
8221
7291
9444
2713
6308
9736
5531
4547
1130
4665
7872
1813
9473
9178
4897
7894
8998
2560
707
232
2375
2955
1335
579
2702
6150
7678
2165
4808
45
1313
2271
7322
3274
3461
9889
6892
9249
2922
4733
4213
6804
2729
6651
5554
3530
2061
9146
2771
7627
1819
3461
4795
9868
2843
7813
3102
2837
2985
3050
4530
6580
3467
6834
3258
7690
4350
1584
9713
5174
8901
7437
9247
7922
3597
4060
5987
4333
7837
97
5083
5226
9692
6092
565
1314
8433
9236
9450
8510
9897
7535
6302
7915
7471
7059
3141
8028
6438
6167
7432
1276
6456
6730
6242
2482
3273
9536
7368
9974
7862
2535
8365
6036
8272
6788
3060
8513
9136
7634
9379
2474
9001
1043
3172
4593
3257
4410
2593
1415
7985
804
8110
5245
1019
7842
3183
772
9481
1058
205
2022
1969
4827
783
37
7928
5993
3167
4324
6862
772
2600
2574
3875
6885
1148
4731
489
7006
3986
2801
4351
9283
2538
1158
1004
1226
5052
1889
3056
7348
6631
9764
3282
1803
3837
9076
9678
6337
3226
5483
8072
5203
9090
8508
6595
8296
6138
2117
243
766
9965
7662
4382
2344
4241
6623
449
134
9180
3698
3646
2209
6659
815
4706
8670
3740
3310
2720
5941
8618
9181
6578
6820
2456
3921
6013
7011
4425
8409
7273
7705
5810
4185
8779
2068
8697
9870
4630
3590
5404
6447
7531
5578
1251
7082
7305
9569
2378
2217
8464
6648
7010
2764
1987
7625
329
2438
2484
1144
1972
8208
9205
7930
3421
8561
4006
3650
6701
6392
1272
8467
3243
2869
2548
8416
1944
9395
3555
4659
1937
4554
1425
9943
9913
4818
1946
1634
8089
2924
7313
7918
4517
6193
1680
9085
6378
3662
3725
3621
2600
4264
9888
4404
8309
5109
7341
9081
7461
718
447
1300
128
7451
2858
8060
5379
6358
9712
7080
5730
9160
1197
2967
5175
9587
6308
3349
6604
43
1815
3013
4803
8324
1689
829
5479
2602
4559
565
7574
8061
5007
6246
4794
9532
1486
8440
6712
9741
3626
1592
6691
7630
2888
1207
2287
5690
5938
8160
5584
2752
3907
2197
2113
4525
4637
8147
4966
9024
2499
6675
1440
6808
4953
7164
9609
338
3365
4588
7998
5674
2618
8704
2194
8759
294
6485
9719
9758
6007
3899
2783
3464
4792
1684
6787
5175
1004
6048
2593
9818
3055
5234
3858
1396
8330
5764
6120
9828
3601
5325
9437
1143
3333
5172
2147
4330
392
5936
7086
7299
2946
1357
1485
2074
127
8881
806
428
3480
4122
8602
9987
469
20
4059
9949
1718
7471
339
1903
4165
3381
6701
7705
3161
5595
8983
7697
3808
4796
1186
8827
4509
2379
6890
6754
1788
7537
7013
6402
4788
5438
3995
9481
2207
8816
6398
8091
3662
8552
1751
7531
7779
9032
9857
8408
6688
5528
4200
4049
76
6276
7349
2985
6512
1274
1380
2045
9509
9591
91
1466
6998
8110
1733
7185
2073
2348
9511
2322
3220
5882
7727
6524
6247
8370
171
4676
3170
6536
4553
5257
787
3321
1757
2984
6169
84
2528
1970
7324
4097
599
8290
3022
9836
1701
7253
9786
5876
7318
115
4636
5107
1067
2963
9811
3071
2006
3677
4462
6496
7040
3794
963
3413
5605
2685
5174
8724
8351
8448
1321
9912
2463
1923
1570
6204
766
5642
6813
1169
4183
6422
3755
1094
626
4629
138
4064
4539
902
8086
5967
9061
8873
9827
4747
5770
2759
5097
8532
6795
9192
9952
575
5459
202
4628
3367
1574
4554
5674
1239
1786
9882
6146
8111
2052
5502
560
7500
8543
8168
4168
478
5625
2253
5575
5588
1616
5835
4903
3080
9171
6142
6227
1461
6094
2959
6940
1735
2086
859
9248
2951
4
6589
3414
6666
5276
411
5186
9301
4777
1834
1925
3900
8871
8306
368
4095
6042
2201
8250
3339
556
5315
117
7801
5057
9432
5563
2168
5904
9178
1703
848
5539
1242
8765
447
904
8066
5705
7584
5231
4386
4063
1470
3880
144
6702
4568
1762
6234
8878
1712
8348
9041
4903
1782
6353
3522
4283
2044
9068
4590
2939
9766
4045
1324
7379
6855
6446
9028
5370
7852
6126
2006
7037
3679
3827
3253
9674
8868
8130
4411
4026
2535
6400
337
765
3057
7682
443
5426
2311
1515
8763
4907
7297
1206
7961
1041
5388
4876
741
7549
215
4285
4888
2793
8492
6822
1240
9330
5215
7695
3109
3234
9426
4458
6104
4270
3443
6525
6392
2570
7486
8145
2996
602
4908
7751
7587
6158
7954
853
9355
4334
5352
1348
3130
5769
6878
606
3850
7281
8812
9066
5061
7102
7430
2942
9734
8385
5967
3796
7516
5729
6366
3178
7293
8461
1522
9239
6818
965
3330
9601
3951
4400
2052
8383
5562
7147
5781
9076
970
992
7221
7583
9079
7145
9401
2816
7140
9534
4782
3774
6793
2668
7214
3146
5552
355
5663
1905
1796
6077
1188
41
383
8549
3241
5362
1141
7339
5850
3773
8736
1504
5736
4146
3117
5693
2096
5903
8359
8190
5220
1298
8936
2322
2413
6808
4527
8115
1445
3256
2138
5048
7384
9465
362
9642
4016
1430
8284
7953
5020
9925
6729
4137
4886
2707
5483
5441
1451
5014
5333
7569
145
4510
3249
8941
1420
7699
9848
1232
5965
7120
6852
9845
6918
2569
1662
7680
8563
1847
7807
9334
458
5759
643
2876
5323
6089
1032
5286
5303
9797
9443
9363
3027
6153
2367
7927
546
7572
2984
905
4550
3963
3858
2896
6480
8166
8488
4154
895
5404
9293
2155
7964
1750
4240
4606
5909
7643
8618
2808
9414
7695
1263
3321
6439
3702
4387
7736
9941
7194
4909
3436
8080
5642
1499
3901
9390
2007
7527
6381
9177
5955
1641
2214
3198
5341
8904
5010
4199
2159
8448
5757
3569
4885
1824
6475
9237
2726
6138
9566
2674
7655
3734
3373
6813
8418
6977
3609
2485
2858
3381
6774
8081
781
3356
1547
917
5045
4353
1344
8555
5357
2582
6422
597
142
7801
3015
3014
4574
7826
3952
2971
5171
2196
7402
5342
6945
1990
8928
5963
2695
9939
9350
4473
5163
5184
5444
959
978
4551
7404
218
7001
4031
93
1120
8475
5469
1698
9806
1802
4586
4595
9444
7388
9340
2533
9332
1671
5768
6497
5545
2838
3351
7810
9370
7120
842
6438
9043
2167
7192
209
3104
2659
1476
6374
8118
6331
3013
7144
3186
8916
1256
3665
464
5646
94
9359
6106
7873
8089
7215
8279
2722
9509
2364
7000
9360
6125
5670
9020
5767
7163
8928
1033
6979
6933
1162
3458
9577
1883
8284
9149
9619
1991
4083
3855
4826
4477
9237
3602
5636
5274
7767
7637
4185
7721
3430
3374
2480
920
70
9180
6587
445
1715
2838
4350
1334
278
7636
8957
5300
5589
5466
3284
242
4795
3920
3186
8478
8050
9097
8264
5041
1336
6405
7692
913
6766
6446
2955
4912
2887
6400
8839
287
4588
628
8290
5359
6398
4926
1437
539
354
6329
5591
2305
1917
4519
9638
9030
1424
7588
5835
6288
3929
7269
9913
7945
8656
5808
2602
4774
2297
5039
9266
7653
5577
3567
913
7348
296
1951
7142
6026
5618
1121
7828
2791
9184
6692
503
4874
5361
6866
5606
5635
457
884
7794
866
6979
180
3544
6673
6639
5360
3581
6125
244
1304
4966
3272
6679
9721
766
6230
3666
2822
2160
9837
5311
4190
6155
5027
7996
9790
5169
4142
1187
8910
1993
9922
5139
1735
96
9787
8772
5573
44
8049
4613
1406
9935
9516
5616
3344
6609
463
452
6178
6623
611
5149
1602
955
9952
5622
3269
2557
363
8742
5288
4485
5865
6113
8793
5621
5192
3122
8709
6827
3809
2447
8112
5241
1605
4350
4139
1797
5719
9028
144
4806
3393
9408
3982
3167
246
2277
6227
9125
5544
6277
323
4611
939
3713
2108
6240
5700
8123
1956
2590
4621
2834
843
3137
3640
6688
3221
619
1348
4028
1321
5483
9436
5335
404
92
7803
1612
3770
7131
863
1927
4732
3864
6551
8477
1087
9237
8254
3096
5013
4639
7292
9498
4247
7147
9899
6165
5805
8143
1149
9756
8862
4658
1913
5337
8091
7104
9373
7937
5662
1547
8947
3911
3944
9175
3781
9703
573
7643
410
1848
2669
4421
9390
6811
9984
5936
6240
1571
5074
5143
3004
5871
5435
7341
1802
9753
18
6299
4390
8773
9883
2512
3082
670
2892
9573
3671
3424
1989
4749
3829
6197
5622
9709
9047
3462
9379
9865
2631
8600
1141
7341
3335
7621
673
9564
3735
9262
9873
837
2019
2058
2673
45
9540
6219
6385
6535
681
5868
3921
1579
41
5298
8445
5685
5794
2120
1939
330
7183
2946
2678
8016
4091
3308
7537
1580
2715
3446
165
2432
9931
1894
6891
8382
4525
944
1995
6318
715
3240
9541
9084
8737
1414
9077
5104
5793
4955
3497
2624
9290
6713
1263
8344
8091
1461
3589
6030
3429
7960
5099
6601
8399
8031
4005
3852
9284
1435
476
760
5907
418
1264
8433
5408
561
703
4432
1135
4347
5400
8985
1103
7092
9236
6168
8790
5673
5377
9641
3071
710
8983
9014
1072
7056
3338
6806
3552
504
5869
497
9584
1081
7003
176
5496
8192
5352
3806
1859
9990
6444
8601
437
9558
4025
2109
1439
9633
4976
4671
6146
8505
5180
2189
883
8146
5277
2141
4372
5159
3854
2165
5551
5497
1761
7983
4429
9263
480
4525
4237
6101
8238
6998
3814
432
1829
3343
1301
3415
4479
7875
1255
1808
1353
1767
8974
8081
4673
5031
44
7879
3081
8010
202
6959
6600
576
7285
5538
3941
360
7518
6282
474
5631
8903
7622
4506
4036
9033
9098
8555
7733
9399
1253
8049
6172
2803
970
4850
4905
9975
1699
6998
9202
6930
7798
3318
4852
8867
5641
5443
737
3564
6396
2097
1827
9373
7369
9651
6330
3390
8936
455
180
5654
3678
8488
2187
7906
7899
6493
2587
7121
1127
4922
2330
5161
1996
5932
2143
5828
2363
65
2927
6447
1390
2542
6243
664
2422
217
2492
883
98
7567
3312
2510
880
9718
3511
9567
2476
6555
1280
3671
124
5746
2813
2106
8386
6393
3138
4275
7094
3886
1202
7472
5623
3751
9649
2065
5573
2633
1215
1042
920
317
3241
2696
3746
6191
6337
4419
641
8808
1548
3471
7875
3533
4578
147
6525
4101
3076
1723
2422
8378
1331
259
3019
6745
4413
7227
3321
9861
6482
2221
2135
8795
3351
4633
2106
214
4612
249
3851
3599
8106
32
8909
1440
2039
4236
6973
2810
2331
4377
6268
479
2001
4163
8950
542
6339
258
1141
7454
6568
8197
9609
8335
3313
6326
6284
6098
686
5058
3969
87
5882
9569
5414
4215
9687
2146
1518
4168
224
9283
7519
8994
8637
2283
6099
5658
5353
444
1216
2007
8350
1259
8744
2685
5136
2835
8636
9517
2491
9856
3493
9897
3603
6107
4550
3439
3660
6030
877
3311
123
8320
8335
4995
893
9826
4652
9320
5469
5541
2052
4902
3599
1956
672
5002
2647
4950
1196
8005
3885
6508
5797
6274
6438
672
1830
7593
71
7082
8489
8658
39
5892
9160
2412
3654
361
7549
8852
9656
8813
4668
1332
6861
5367
9232
9596
2508
4350
6823
4239
3915
1998
5286
1353
84
6358
603
119
2536
332
9165
8027
6917
2316
8287
3513
9743
5394
4741
8809
2590
9225
6803
3732
1396
9842
5258
7325
1436
1522
4658
2631
198
3274
9064
2196
4962
8648
1269
4814
1305
7021
9802
710
4902
722
408
9812
3664
3089
5247
8977
3417
38
1092
7380
3565
6765
4802
5394
5602
9901
7268
6818
7065
8802
2959
1084
468
5005
8965
5821
7679
101
4890
4573
5487
453
6407
8968
4547
6638
6281
3975
9827
1742
1878
6200
6127
754
9532
4681
2827
3190
7795
3649
1004
1120
6768
7026
920
4158
3060
2652
3211
2189
299
9121
4552
7359
8171
4984
5608
7661
3937
6581
1757
1580
6297
2200
251
9181
2291
9492
4585
4557
9657
3585
8204
9857
4693
1275
140
3336
6208
9708
7488
5754
4226
6240
8784
916
4253
290
9925
8602
8796
7368
415
597
736
5763
9213
9655
2703
8450
6930
9775
6125
2126
2275
1191
5454
7515
3892
8975
4051
4768
8927
5445
2248
6392
1874
9109
1311
1054
9002
6514
4407
6953
5266
6051
6414
9548
7785
1
958
1937
7545
5974
2831
9282
8032
7429
5537
3944
2466
7184
8886
951
2324
61
4265
7271
6635
8189
6079
7619
6954
8655
1051
4831
3290
7802
7982
7757
1352
5230
2804
6268
2793
3088
8606
7316
3638
290
7573
6858
8173
5369
7680
7146
7029
6452
3390
7169
4858
2097
3031
4198
3418
3109
235
5433
3528
8570
949
5606
672
1829
3923
8537
9109
7000
7902
584
955
6215
2177
4123
4368
5147
7704
9860
4822
688
5114
538
9057
9093
9103
1492
7497
2057
2703
7206
7156
4806
6737
1242
6083
8283
1787
8984
9409
1938
6418
7003
7627
7780
4374
3543
9333
6106
8850
6362
6471
454
3994
920
2882
1917
9158
5344
9015
3922
3976
3604
1555
5699
1315
4577
8420
4916
2927
3874
9308
9770
1579
1105
2651
6826
3606
3063
4577
8553
526
4149
2640
6649
9928
3936
4350
2967
1361
5455
3297
7042
8822
9064
8567
7953
8647
8404
4475
1257
9335
352
5860
568
9451
3354
8273
4272
6129
4716
412
6893
634
2397
9579
7673
4070
427
864
5042
2469
5504
8094
3879
29
4166
3194
2802
8784
4589
8675
6026
7657
372
3832
8481
9123
813
6146
6491
5969
2199
4468
8868
2712
3729
840
1163
4153
6766
6778
1934
3420
2803
5054
6815
422
1011
9487
4644
9572
908
984
9828
8210
7239
6511
4170
1385
8406
3061
8621
3385
2017
5122
3469
9351
3048
3321
3576
5206
5318
8056
4676
3041
595
1790
7330
6202
2006
8064
3689
2857
3736
1344
4640
3577
3921
884
7418
9119
4807
7716
7509
9965
2845
3912
4856
9526
943
8367
1160
5474
2029
1225
9582
7919
1036
2189
7691
8418
5221
1338
889
5308
8786
7172
4397
1159
5334
986
4662
8518
98
9564
6323
4303
6407
1479
9490
8104
8829
7219
17
5187
5694
8735
780
7055
9301
618
5624
504
3809
750
2658
6780
7073
9857
712
8393
9008
24
7534
4362
9785
8796
9158
9019
7368
9678
1998
1049
8592
9536
8257
6483
3046
1479
4661
9749
2779
572
4143
3896
5232
1242
2541
5055
7874
7369
8517
943
3628
5673
1308
9619
2220
7307
529
3601
4074
6165
8794
2775
5516
9590
7831
3758
9095
1358
4987
1479
7514
6505
4727
6980
8781
9986
4010
2699
4900
542
802
1964
7633
2450
3302
2020
6466
5709
92
6480
772
3357
2024
3384
6150
7275
1913
2398
2123
4007
4841
6115
8119
5664
3328
4370
1614
8952
7486
9009
6237
6107
1937
8482
6577
8236
3079
7159
5936
9670
2684
5984
8799
2916
8957
4350
3545
9230
8069
1842
4372
9356
5787
9773
8730
4041
2899
75
9255
8703
9934
3428
5839
9774
1365
4913
4435
7636
3017
8497
9168
2054
3085
9399
1157
8120
9153
2693
9798
8660
931
9509
2257
8131
2369
5310
6364
7602
2404
1431
5677
108
2614
1388
5942
6820
9439
175
7732
2552
4319
6059
987
3620
2484
971
3323
1371
9712
740
5602
6830
8899
9197
2473
8031
4837
5554
799
8407
4634
4619
5825
9341
6373
6970
7308
3716
2752
732
2695
8894
5725
7697
1366
5335
5326
3937
332
4956
3749
433
6499
9245
6937
7956
1879
3399
5153
5573
7511
4934
9965
7734
240
3134
3290
7152
6442
6720
5037
94
3999
4974
4624
3400
5746
2931
972
9919
106
3031
4687
4157
8957
9689
7645
2398
2057
836
4706
6697
5682
7606
2379
2919
9782
3255
2709
9437
3918
9006
6260
1783
7874
4709
4126
7712
6380
9972
8457
9256
6622
8958
7243
7651
9757
8530
9450
4173
2294
4904
6199
4732
5937
6221
5408
6164
7055
7766
8959
4575
7665
7900
2915
8017
3717
334
7498
9296
8596
9048
6467
2015
8807
3777
5682
1143
5571
7629
4695
9873
4834
82
4262
4311
9422
7687
1913
1474
9233
1602
9889
1800
6517
3130
6418
4954
8822
2601
9632
61
6649
3655
3681
2652
9151
664
8469
6715
4523
1234
9707
200
1199
5535
4032
6262
3171
1571
6893
1426
570
1917
4197
1786
6364
128
4349
9630
2651
5434
9759
2303
4579
9445
6387
2828
813
9716
2952
1485
3715
7866
4393
971
2679
5690
9702
5456
3521
7462
1909
3635
8892
3211
3368
4526
9020
2944
1849
8051
4103
4468
9376
3494
4293
6964
3201
6289
4969
7234
5307
9131
5795
2775
5229
2013
8348
1522
7899
1059
6419
1638
9179
799
51
6836
3258
7894
9167
4195
1996
5764
7924
8991
4509
1564
5455
1223
6033
2965
8483
2614
6469
1533
9193
5630
5310
9675
8965
2969
7751
4724
472
6248
6546
3676
1876
6635
1604
4726
6691
3941
1230
2428
6502
1241
2360
6419
2255
5965
8384
3456
509
8269
6602
6060
5278
4990
3386
6257
8054
1367
4587
6960
7175
6178
7711
9498
5867
6069
6534
920
3147
6973
1250
118
4562
4500
6605
9852
218
499
6859
1435
2287
3942
6017
4675
4008
9206
630
1259
8866
2988
9681
1472
1533
6607
1453
3643
8065
8150
5629
5845
3476
4961
5699
4576
3644
6361
4336
8437
3949
7303
6743
86
5304
3848
5081
2096
8473
6679
6480
8092
5780
5493
2797
5414
1532
7803
4505
2750
991
2557
9055
536
2434
9739
3590
1852
4529
4083
7265
6070
6865
6600
7830
1589
3493
6215
9095
9839
1607
1020
4923
3552
8430
7581
9557
626
9157
5959
3817
8026
2680
5933
8490
9665
1014
6635
6566
1391
2217
2922
695
1519
6628
9303
1227
342
7739
8674
5755
2118
4753
9683
4562
4160
2180
9980
3545
9099
4181
6933
4745
9647
1152
9799
5892
6789
728
3659
5639
5676
3401
3272
6247
7344
9269
1732
3739
4321
134
5763
9869
9078
6752
7734
9779
6295
2058
708
5107
7889
7643
9492
9658
7553
3636
7912
6957
961
5785
3264
3493
634
96
9276
5518
4050
7809
4433
479
6168
6283
53
1430
6629
9207
9719
9637
3534
2689
8038
1972
3231
7384
689
4064
4264
5229
3405
1277
8904
2335
529
5392
847
3660
4317
4829
5119
2919
4311
615
4362
7209
7842
8012
1985
4921
5943
3540
7394
1219
995
3193
7779
5142
1881
7496
4327
7690
8979
342
6352
9676
7059
8213
7744
5000
562
6585
8495
6656
7140
7689
5946
675
4652
7894
9991
7338
4439
5503
6438
8605
4123
1844
4400
7991
2877
1511
7288
2660
4776
7558
9876
5349
1711
8816
9754
9581
124
7099
5374
4195
9307
2374
9620
4617
7529
7178
8476
672
8202
3760
1304
7368
3393
6537
4504
7311
7016
9221
2568
1359
4517
527
2976
1918
6040
1789
4959
8624
4612
6695
98
2927
3024
6030
7727
1024
2580
4873
2519
8182
9361
463
9674
1582
792
5940
4578
4008
1667
2511
500
5440
2620
5704
1838
9526
9811
8728
5657
545
369
6991
8376
6784
9855
6708
6579
6433
1767
9095
5547
4309
3601
9594
2213
1264
852
9102
4434
730
5739
1592
9079
8820
2841
4786
4893
8064
7164
2857
4329
7612
2724
5152
3878
7738
420
6221
9647
5439
5056
6097
6269
1381
221
9747
6991
2610
5983
6250
1088
4947
843
850
8990
2359
2741
9780
4652
1348
2847
8930
6545
9154
2422
1675
4231
6539
3095
1827
9048
5243
8362
3855
3490
7574
2033
86
2199
3260
6467
7847
9310
3132
7471
5424
4060
1076
4573
7814
2454
4015
2573
3242
7526
8243
6658
1454
9763
4890
4086
867
2990
7362
8624
5925
7366
8790
360
5628
8265
2704
223
5498
7932
7133
2047
2307
7170
4649
136
9110
6342
9472
5397
8471
2993
1192
5685
4341
6562
2114
4802
772
4621
6552
3277
9156
3871
8702
8363
6844
3886
371
9463
4771
5242
2907
8132
9753
7821
101
8652
4158
9387
4115
6190
2057
6468
2030
476
5833
3109
2573
9675
655
7726
8038
2580
3880
3755
2283
7377
450
1978
8423
8753
4290
122
5266
4246
3470
7970
6107
5426
1389
1103
2143
1807
8270
5825
3922
9214
4631
389
7248
8893
1624
4528
3218
8137
6570
1213
965
7684
5338
645
7264
7738
8365
5161
4983
5833
9024
3424
98
6068
9834
6549
7679
2206
8882
213
2605
3905
4284
2128
119
3516
4198
9032
9872
4233
9904
7960
1055
4846
4621
2002
822
7086
6220
1238
4832
3491
9687
5167
6610
2523
1601
7700
5716
9817
8377
6568
7057
8716
1980
4507
3693
6934
9031
5605
9239
8814
4405
1322
6348
9869
2010
5956
3066
2269
2377
1807
8108
5193
8904
2669
6361
1844
8277
2350
3698
2285
2851
4019
2411
7180
5994
5746
7785
1118
632
3268
6951
572
5673
2242
4895
3272
1160
9890
253
4220
7260
9068
3032
6823
5005
6052
6480
4654
5602
3253
1382
9329
1846
7379
5612
2541
4366
6814
4075
8878
8611
2068
8392
7166
1700
5261
5064
8090
1441
345
7405
4851
1466
3472
5812
1463
4107
4487
5087
4588
8144
5752
7037
4585
1851
9653
6135
6119
8141
8405
5911
4328
5306
6666
814
7077
6358
1340
6242
9738
452
935
2354
4088
2829
2252
6181
6141
9432
3994
3002
4126
4589
3853
3294
6567
6902
8835
1422
1475
3111
9164
6725
8183
7131
869
164
2925
1682
3445
5509
9071
163
7184
4984
2962
3906
8175
2142
6918
9453
4041
8854
5208
9035
2153
6442
8870
1647
8609
148
8101
1529
5544
1503
7424
8884
2819
248
4461
9260
3765
7023
2066
4895
5532
9303
2994
1702
8595
1389
2278
866
5416
7247
8563
1827
8605
6422
2350
2603
2704
453
2663
3829
8433
5331
1945
5799
1597
332
1400
7443
5261
9937
5977
5379
9118
2136
5158
2427
3622
8755
477
6319
8321
5222
2264
2252
7534
3864
6013
4812
5576
398
4361
1875
39
5577
9835
8970
5814
5884
1134
1415
9971
5596
7756
4821
9629
4872
6366
1122
3016
8154
9085
2358
523
590
1555
3928
3166
6019
6708
2495
4903
970
1810
4571
1969
1608
5561
4490
8027
6861
2740
933
6872
357
2040
1367
8356
7450
884
9493
1190
6839
2179
5134
1587
6698
1255
7545
9419
1221
5974
1730
1736
2459
8569
3424
7041
3878
9301
9853
2531
8188
3787
109
9134
6938
6324
2306
7322
2446
1365
2546
8455
3579
4739
3443
6818
1584
1876
1593
5830
9590
6887
2845
8975
4987
8715
8865
7731
3233
5297
5182
112
1427
2306
6375
2344
5356
4065
713
1017
8199
6449
9222
5186
1972
3969
2138
5498
8604
3370
3634
4828
6275
9521
130
2533
4401
5162
6552
9874
6384
2085
4116
7813
6583
462
8327
2182
3029
2748
8221
5528
6865
7244
2978
1159
4415
2383
7312
7643
5371
8196
7726
3532
5056
1326
332
9777
6617
3790
8709
134
4487
1823
4421
4961
7493
1803
5947
3088
9674
8280
8191
2972
6189
1681
5716
7803
2632
130
5178
9229
5089
8598
680
9674
3486
2952
2240
768
1898
9283
4830
2356
9376
4992
1187
9308
4873
910
4467
7219
1304
4864
781
2930
9789
6816
7275
329
5904
5106
6173
4443
9160
7507
5989
2009
312
4694
7746
7949
1132
4366
6057
7616
236
1334
491
7127
8549
4229
8740
6678
2757
2598
813
9264
5979
6084
8394
5938
4843
7116
7566
2649
1172
6191
4992
1238
3598
5637
6315
2974
1606
7091
918
6400
9048
3289
6041
8904
3191
8807
8426
2835
867
4638
7651
8632
2974
2290
2686
8063
6534
9490
9918
4822
4976
5225
301
4655
6273
2157
6195
8537
9188
5299
3523
1865
5299
1593
5824
6458
8680
617
7036
7536
3221
6042
2532
9877
290
4314
5248
9819
9849
8855
115
7875
4724
3471
4591
5695
1405
2297
1622
965
7025
7907
8818
659
8108
380
3682
4816
132
4817
8306
1173
5856
3358
1699
4927
9639
1394
7752
9192
8171
5693
7542
1872
9801
2265
2716
2526
7150
5098
9773
369
1440
2734
8359
9807
7397
7264
6838
4588
7735
959
1438
3218
6769
5035
5401
9333
4913
1511
1772
3185
8237
6184
6786
3143
5844
4060
7197
1773
2859
3402
3941
3592
5357
2494
8319
6126
2619
4170
6219
9701
1101
6478
901
2872
2412
8840
473
1381
7030
4807
3823
5771
4567
3662
8585
6001
269
3531
1165
9663
3870
8639
4307
2586
7592
1255
4117
8111
5607
4720
8436
4846
4995
7419
2545
3415
2582
9943
6220
6486
1522
7881
6485
3375
6497
4369
1957
4009
9449
7134
7256
3464
2407
5877
229
4796
8772
8747
1595
3259
4365
7100
4270
2797
5248
9015
3049
5732
4667
2952
5775
8925
1488
170
691
5614
1973
8375
4502
9805
6957
6105
6374
5552
270
3086
5333
3198
5150
358
6887
7215
9182
7751
1296
5673
5366
8523
6650
9681
1554
3830
1294
4252
7075
465
991
7464
4176
6352
4634
6329
5376
6156
861
2451
501
9531
7589
5792
5275
8031
5115
5240
35
1876
3818
1408
5527
4741
9023
1900
5487
3758
8194
7314
9990
8213
3118
4339
8968
560
3554
6762
8031
858
956
5455
2848
8904
9554
3540
583
2849
982
8710
2246
3525
8342
416
7445
3958
7968
8758
8777
9149
9172
8132
6321
2858
2203
2591
7253
6442
2204
8269
5361
8725
7830
400
9372
6370
4397
9107
548
1755
8849
9285
6340
5369
9304
9472
2269
5246
5468
3834
3854
3415
1680
2792
9972
7512
4644
7220
4666
3824
1518
2547
9779
3948
3611
5870
6093
4888
2792
8995
6607
2996
9106
5648
6428
4461
2891
2037
1565
230
8510
221
4241
3148
9516
8971
4239
86
1209
6793
4392
7304
7883
5079
6761
8831
8039
8304
6919
6345
4324
5919
3145
8986
3302
1710
6679
1646
7933
1705
7607
2106
5273
9272
2
8831
5544
6784
1620
2828
7873
1925
3245
4576
2231
4797
3726
1270
2881
6843
4586
9190
5617
1435
7055
2747
8459
9759
8811
1866
7335
2554
8549
3493
5124
403
9416
5379
4087
3416
3654
2133
211
5051
3152
6889
3072
5712
4102
4716
7182
5482
5124
8378
9338
8295
1352
732
1449
7473
1344
336
8838
8666
2104
3768
364
9319
2005
1417
5080
9308
1727
7139
9824
5572
4452
3520
7428
2255
4661
9147
1852
4529
3837
1591
2765
3762
7000
3489
7357
7222
3959
9623
3297
8589
7261
7312
160
7434
7139
2752
9086
5835
4451
5389
2917
2277
5590
2430
6218
7068
7712
1964
9099
5095
3276
2727
68
6172
9167
7335
925
4712
9489
2180
6649
9745
4041
4253
1325
5142
9775
5739
4486
4633
169
2655
4092
6296
8052
4903
764
9297
6003
5471
9818
1091
4755
5303
3819
5732
5286
2174
357
7041
3556
5730
5195
6409
8988
219
1325
1886
7634
5052
3328
58
6858
5379
6006
4273
9128
2941
2239
8909
7328
7550
4005
1355
6147
3427
9339
9254
3726
8569
9204
3135
9269
4184
8744
441
9504
9369
4249
8600
2159
7192
6980
431
7092
2896
7344
3817
1482
4319
7935
2512
4069
4889
6883
9185
5691
397
9673
4546
9761
7042
3274
7946
2779
5675
2486
3815
7784
8919
1553
2631
2449
7513
2987
1375
2456
8871
3785
7573
6179
7567
8178
9947
922
9430
5594
4326
5201
7692
7744
2542
9406
9501
2552
2885
805
9435
9478
8885
1818
4472
9655
5786
133
1601
9633
7124
632
242
6328
8387
3206
6311
7798
1516
6158
8847
3211
9013
4045
1270
1336
177
6272
659
931
9202
1989
4075
7488
377
5120
1781
4563
3258
4749
7507
2602
5442
4091
6173
2159
2664
4030
7441
2058
8895
7021
2496
423
8328
1269
7393
2110
2073
6473
4514
4236
4888
3015
5740
9115
4059
9577
7605
9241
1760
6304
3184
3829
7505
931
496
5059
2079
2342
1549
4097
9148
8519
6225
9281
6598
6349
1795
1288
1204
9394
8331
8012
5091
1604
8344
2726
5821
2478
1779
4781
114
6820
771
4154
1520
1745
3838
2627
8875
9995
2072
1564
1151
2684
91
7236
7460
6348
9815
5763
4036
4241
3150
727
7743
9129
4914
1509
7045
6181
5721
9604
3396
897
8823
895
7836
2845
7123
8116
2807
7122
1355
9624
624
2077
234
2095
8578
1055
8120
6281
4544
7162
4682
3599
5885
8611
6198
4261
4135
2419
7729
287
152
5197
9613
2756
6473
7179
2183
181
7735
4799
1904
6589
2720
2776
9100
6171
2677
1765
393
630
54
654
9839
53
7453
6064
4414
8037
3933
2726
6708
197
3204
6451
6274
1822
7038
2295
3621
4582
820
8827
3427
3281
3891
4705
3380
5094
6954
5107
2825
3741
9368
1544
8768
2820
8285
7851
2319
3649
5918
4490
6458
7899
2015
7207
6151
1746
5104
8126
9088
4404
6723
176
1077
7260
6998
8311
3568
7848
6899
5788
9437
5652
1406
8281
5151
47
4638
5736
5764
7912
4692
2586
1862
9048
2530
5110
5932
3682
4790
8510
1259
6963
8565
3503
343
8535
6509
5029
7940
2545
8589
9519
9860
5680
3101
9155
5488
7561
2160
1923
4960
9340
5460
4232
7231
1209
8867
6288
5559
8933
2413
9107
8938
2262
8744
2270
2247
8631
5003
6428
2809
3241
7621
6950
5343
4604
8069
9761
5414
1838
1373
4451
938
2190
4563
9016
1427
2008
378
2357
5751
4708
752
4957
7513
4678
5739
2711
8117
7449
711
7363
9686
3225
2687
1167
7198
1562
4481
606
9297
4324
6723
8932
5737
563
4226
4306
5215
362
4230
3667
3372
2442
5533
6486
7574
3241
8261
7576
1924
3977
7839
422
1158
9347
5541
1649
9184
3178
8171
2165
6544
7909
2065
3894
1679
6795
8473
386
679
7703
3288
7564
5558
2160
6227
8135
1801
8312
1677
532
2073
1769
9354
8541
7921
7364
1759
5395
1721
9765
145
9307
2390
6283
7975
4115
3753
4678
1769
6344
7728
1122
3268
7757
9478
1713
8508
6212
7991
4338
5092
4058
7307
1509
4862
5821
4476
7880
2569
4368
9175
6895
3942
8783
2396
8064
3379
6668
2440
5031
7340
427
8332
4435
4093
1829
3090
2165
2862
7220
6325
6961
8320
9908
6784
3799
1292
9250
9030
7936
7974
7682
9673
1972
9463
8614
995
5409
7291
5870
7482
9725
8931
8078
6965
5581
7878
5549
481
3819
3442
1004
2256
6096
4152
4329
5570
8146
9406
8821
7569
7233
7856
5571
8237
9458
3588
3445
4192
307
4558
9806
1763
8614
9259
2836
9133
7784
2510
3980
5408
4293
1480
50
947
962
7089
3904
4642
5028
4837
2022
6081
3980
9281
6941
8020
1740
9043
888
7244
7736
619
6891
4454
543
3429
4949
9515
7523
8681
2721
8304
2712
316
5479
2649
9018
1467
5026
6920
6811
9768
8045
8281
6493
2665
6990
171
5448
25
8063
3210
9479
7748
8604
2836
4702
3335
5807
9513
4116
2403
2161
1384
4045
4379
1082
6515
7133
4217
7382
2876
9285
9096
3210
2051
2903
5779
9811
9588
7645
9088
791
7913
8878
3820
3691
3162
7255
3540
8091
2567
5405
1975
6210
8315
4159
101
2154
2081
4074
4324
4609
7778
1893
4703
2187
5148
1709
6464
7337
863
9310
1078
3330
7513
7330
8583
8316
6382
6195
5700
3414
6336
139
8167
8781
4501
2397
9738
5329
9010
2164
8589
470
6670
6232
1382
2009
2155
4700
3044
9075
5055
304
5290
482
5202
1988
9370
1366
4519
1399
2464
2233
5198
848
4334
1357
2612
2968
5196
9003
2498
6752
3719
7546
9740
1261
9743
6208
3664
7079
1698
6491
3859
4994
7624
1732
8678
7175
6282
466
5741
237
1087
9791
4743
5920
769
4754
5922
6690
9674
3538
1143
5600
2016
1281
1966
338
8154
7447
677
9349
3784
1705
2290
3285
8640
2485
663
2190
270
1123
7470
1554
5684
7701
9421
2770
959
1175
218
9199
4865
1569
9383
73
5746
6420
7533
300
1521
9704
2930
5887
4515
227
8000
7078
4625
5670
6638
5692
4436
7890
3906
7677
8265
8409
4730
1590
3271
5630
7067
7950
6055
159
2593
3839
8984
3450
8357
9342
703
4601
8023
9763
9440
1945
9502
9912
2335
7279
7126
8704
9903
3272
5643
6322
269
8194
518
5308
1943
6151
8244
4868
2873
6391
3095
8076
74
2079
4264
6706
4370
5223
8156
5710
3552
1999
7610
2815
2619
4588
5138
4681
6240
4784
9669
1453
1338
8850
566
2075
330
1592
7657
8787
7447
4381
8201
8488
5196
2463
5617
7414
6282
6251
5230
3888
1865
1530
3890
7419
7667
1901
8746
8290
9472
2190
1172
98
6577
3459
4125
4672
2698
1586
69
8914
5463
2400
9906
5836
422
8806
9500
5602
8763
6788
772
6209
5833
4964
9387
5090
578
9840
4885
8656
744
8489
7745
5918
2859
1192
9741
7736
4302
4525
5339
6495
7476
2858
4134
8838
8012
6466
1077
8976
772
742
3132
2595
4180
2278
4712
8955
8077
5422
6735
2049
6450
3114
5754
7865
5394
4062
9421
6369
3254
8473
7951
4310
8213
9856
8041
8528
2810
9305
9830
6240
1603
1331
2303
7257
3958
7178
2946
3182
2018
6835
4416
3054
8032
7626
6419
4537
4288
4487
4793
9753
9731
5622
9122
1698
1462
542
7214
2256
137
4353
6623
1234
9921
839
8297
7927
4167
8593
2192
5029
2458
2189
6675
3893
4615
2339
6414
2599
8922
3808
6488
6299
3418
5969
7570
7266
8673
8881
737
8658
9351
8736
889
559
4711
947
1382
4448
2249
4444
139
4994
6728
2581
1906
2303
2212
3295
2338
3707
8068
6316
174
9703
9624
2685
7259
4564
3807
5953
1973
5577
9097
1081
9584
1679
6576
2834
5403
7889
6819
6813
8853
7981
871
9980
3055
8442
3451
1260
7044
4633
1906
7684
6139
9713
4343
4929
2437
2294
9756
2840
8256
4724
1872
1342
1731
5810
5063
9207
3504
4064
2960
4945
6429
1122
273
3599
2781
856
6114
5557
5108
6384
6920
8231
8407
2145
4225
8538
9301
1584
3500
99
9124
4647
4352
5348
5091
8593
4744
5584
4432
3866
9254
6825
1746
4489
1746
9352
9896
8636
7475
9521
8938
9698
2113
7175
3066
2559
1505
1907
4604
6016
5770
8160
9901
1002
3831
7739
426
3717
7993
25
7225
3723
7470
9930
4957
8516
3708
8362
2788
6423
6776
9588
6216
6971
9849
4072
5534
1614
4921
6506
4402
8388
1289
1800
5822
4915
2870
4280
9482
1635
116
6994
5784
6676
7870
3923
5863
911
9472
3905
4519
5562
2979
7848
6285
5422
4561
2501
8439
1602
129
5409
4826
1078
8939
9663
8502
2052
3709
7852
6848
4596
368
6649
3974
2985
4798
3135
9735
143
4327
7073
4988
6251
1082
2623
4778
4185
2767
4796
5517
7315
9691
7511
5078
9005
8130
9180
2250
632
7603
7606
6159
3994
3383
1022
9693
6677
3243
9967
6451
3185
171
3989
5320
5879
4918
4789
868
2647
7141
5880
7928
4941
7662
5521
8670
2591
4347
6393
2029
958
5736
2013
7714
7737
9934
1892
389
7804
35
1492
1003
1841
5485
2590
6215
4712
5186
1469
8391
4288
1138
7209
5202
3446
21
3760
963
7385
6706
9007
8
87
7629
8289
3539
7945
498
7710
1150
4252
6316
676
1754
5297
1194
1752
111
8965
9311
4560
2006
5178
794
2175
8983
7051
2875
8175
8412
6657
9935
3136
8598
8211
778
438
8595
3309
8052
6835
3446
1610
5232
324
3850
309
2584
8990
3801
8748
3138
3359
1373
6700
5139
389
8047
5665
5535
9058
8831
2455
8116
6120
4953
8591
6265
7138
2662
9961
4099
2535
3028
4784
2266
1679
8462
9142
9822
9360
7568
7200
2074
249
4194
5087
8615
9238
4898
9096
6200
72
4002
9176
894
4377
7143
4034
990
2300
1931
6772
1924
5952
7128
6351
1717
6794
912
1708
3008
8398
359
6860
6129
8971
206
6305
3672
4725
2329
8824
8808
2159
881
9214
2965
6315
8012
5375
3949
5629
9226
7785
5667
7001
808
9969
8682
4417
8376
6644
7791
2201
385
2289
1233
8876
368
8660
8720
3445
2124
8980
1631
8096
2575
7998
6007
307
864
2050
2704
3969
7327
625
448
8497
6736
9409
3456
2439
9315
3188
1703
7076
4936
2222
5680
8921
3986
8136
2985
9768
9219
33
282
8694
7583
3352
102
4928
5403
7097
939
8647
4894
1045
2846
5381
7366
7167
3723
6742
8059
1920
1904
9661
3259
9704
2598
7710
3627
6065
6250
3554
9329
1500
6238
6455
5104
5532
1581
6201
8453
4023
2367
7079
5287
5061
3521
5319
7869
5766
3461
7134
5658
184
2192
2000
6741
1168
5549
3281
8942
1319
4569
1734
8598
33
2305
3360
2480
4449
1921
5434
9960
2278
9183
8995
1314
4336
7907
7495
1487
8001
8533
2750
7090
3248
8776
542
1897
2894
3378
9288
7060
416
5084
4729
359
933
4027
1988
5142
986
7589
4302
9857
8507
4046
2721
4241
1700
5950
1778
14
2279
9146
4039
7811
4687
1481
4452
227
2253
4027
7561
5156
3224
6207
3655
372
5575
2412
2482
6456
4658
56
7788
4847
9022
4075
763
1368
8059
3389
7233
3423
5721
9377
1135
5782
9193
448
8702
5008
8155
5762
3378
7692
2707
1389
8960
6232
78
7237
6516
7427
9503
7511
3847
7382
2412
5380
756
6534
5539
2372
8813
4846
2450
1375
1613
9546
873
1493
7568
5946
3256
7334
2754
6736
1785
3333
7355
8130
1246
9745
4370
9779
3210
6632
6275
4291
157
6844
8032
6257
4736
6390
8397
6808
6543
6970
5712
6610
8363
6140
3499
5977
7487
5825
3242
3203
537
2987
3602
8494
5253
1432
6097
4472
3255
1313
5185
5871
9681
9379
2305
3812
4941
5135
5859
9442
2244
5113
9434
1471
4259
3360
1674
59
2603
4523
3572
3333
8509
8233
1441
7503
4048
5621
2832
7156
2587
2235
8449
9325
9309
4585
6326
7185
2198
8612
1641
9950
7714
2211
5958
6569
6590
1223
2485
9047
8044
1620
1554
1763
2839
7118
9598
3627
4331
4717
1154
7238
8000
3067
7122
52
7473
7262
1285
7950
7071
4617
1750
5760
9907
7819
8732
3627
7359
7094
3833
3054
6467
7159
5945
2157
4820
1379
4318
90
5797
9242
2301
1179
8283
5534
3773
3870
2465
6819
8508
2587
188
2983
7191
9150
2930
5416
5041
5271
4923
1177
6643
6659
4882
820
4348
2499
5328
9466
8695
4474
8786
1544
846
4081
8087
7349
4167
2736
3195
6018
9837
6000
707
3541
1265
6738
3784
1617
7916
5599
2618
3530
7534
4499
5767
5194
8255
1946
457
1617
7351
2041
8568
3032
8621
1893
6426
2725
3295
27
9929
2159
1340
1611
3223
2428
2559
9716
7450
9545
4289
6651
5046
5852
5641
6798
2158
154
2135
4687
8645
3052
7529
4894
8144
3932
9505
8704
7032
9454
7522
4914
9996
829
3372
3655
6141
9849
1239
1402
1524
1882
6697
6353
393
4190
9901
7356
2452
4207
576
9423
465
8787
8728
2385
2525
542
3751
3983
8132
4702
8355
8108
6979
3918
1105
5228
3998
2736
957
6204
3447
1962
6623
535
3847
2201
4950
7610
557
8321
8389
2131
2574
377
4673
6671
8489
1856
1963
9884
3719
2483
8160
4880
2136
6641
7985
9907
4329
1326
2078
5597
9727
9121
2986
709
1626
7277
503
3126
40
4574
9097
7246
6705
3433
1872
7251
9883
1068
3740
6033
5898
2620
1061
3611
3106
2726
2964
2704
3818
628
6956
3730
7473
6740
1680
8709
5997
3638
829
7759
267
4523
8313
2995
5251
9448
3971
2522
7137
3843
9421
3438
6442
4771
6927
9662
7748
6850
8152
8572
8124
2806
94
3831
5164
4812
6393
5882
1043
2354
8510
2994
5537
4678
9967
6590
8015
8322
6339
6126
9918
6971
4091
9019
2662
2631
2979
725
536
4654
2192
4310
9629
1397
7767
2198
9021
1902
7546
5303
7137
6338
6576
3112
5812
5632
5944
2731
2036
3075
4977
1210
2219
7180
9317
8446
4976
9638
9461
1635
6851
2861
8305
329
1482
4102
3251
3658
5908
1127
5152
1975
7659
1162
2707
4201
2959
5188
4179
9196
1510
3682
871
527
2135
2751
3645
6031
5288
8482
9217
9481
8558
9436
7355
814
1763
2299
5369
689
1569
8794
7047
2768
3871
2432
881
391
7562
5838
9112
7041
2328
2654
5225
426
2530
2408
4216
179
1346
8877
8268
2662
3936
4447
9807
869
8985
9281
9793
7403
8443
8151
2803
2878
4661
6397
3049
9576
8163
2123
8451
1264
8912
6534
1667
6786
9239
9748
4749
4820
8175
8068
7708
6578
844
2728
5007
9325
1154
3834
9321
6008
2483
4186
3601
2284
6436
6399
6337
4863
523
8643
4256
235
8204
8377
7319
3480
6913
8136
7271
1490
1273
7552
7612
1766
3832
2782
9514
2469
90
4091
301
6785
8037
6266
6216
2140
703
605
5216
1287
4545
9385
4748
1411
8691
9629
4791
9829
6791
4407
3657
8805
2914
8380
9613
9290
335
8658
4718
6889
6312
43
1758
8392
612
6175
3873
7653
1623
7262
1412
9610
4283
2786
4430
5069
4824
3195
5732
967
1978
7213
4192
8797
1931
5492
4840
2078
7196
3347
292
4231
3501
7994
6801
8527
656
1531
4052
2072
7676
3477
3201
7224
9243
9646
2154
3372
9555
2538
5772
3105
5622
3940
5972
902
4745
6162
8917
1801
3812
7571
1291
7581
4125
3242
6284
725
5139
5751
3995
8703
4656
6355
9529
7697
8678
4231
6649
9608
40
2938
3075
324
1065
2127
171
6842
9441
8090
4363
2173
5644
6966
6218
3927
193
1625
6928
1717
557
5853
2837
806
1320
9965
8636
1291
6530
7056
5908
4100
3319
9655
2250
6280
5244
1918
9282
967
5823
326
3120
8436
1831
3674
6799
1939
3563
1295
8673
9670
4855
5584
8646
7823
1820
8881
2738
3944
8642
3687
9754
5036
1821
9356
5165
7453
7730
7098
5662
7658
8956
2464
9739
1565
725
9990
216
1999
6433
8368
9199
7528
3251
4724
6706
4515
8857
6044
9797
4786
431
7478
6615
9044
7499
1940
724
8468
7347
2337
2459
7386
6693
6036
2280
8253
8334
8796
9108
587
5149
3003
1815
7113
418
2330
1582
3749
2069
1276
1854
8305
7546
9221
2732
7621
8674
4844
6968
3736
2280
7824
5841
6670
961
9396
4624
3226
51
8792
6569
7267
3800
7076
8671
1348
8614
6712
1179
3279
6493
1580
8160
8051
5477
2743
2719
761
6914
2072
7725
2011
3960
114
8728
6607
7772
8758
6866
1470
2925
4131
6775
4649
9868
8755
5252
2667
3094
746
2578
2060
6342
9781
3301
9581
3769
7682
8373
9091
5747
4502
6606
2633
3150
586
2852
7187
6132
5900
516
1075
1508
7024
1604
2128
8455
5714
749
5642
2366
31
296
8389
3273
7281
2466
9136
6587
4809
1882
506
2877
1512
7699
8850
5608
3290
4166
2134
3845
279
5903
9552
6869
2378
8864
8513
6015
5148
8163
2998
7754
8553
5364
4204
2059
8441
6870
268
7129
342
5795
2195
3622
4606
379
9722
6604
2726
2150
2600
5099
1792
4847
7862
5228
6062
3762
7927
8865
5728
4390
1570
7101
6638
4735
9866
8358
211
3945
5828
5039
7767
2912
2497
5620
7891
8860
1914
1234
3022
5983
3646
9259
5074
5610
4795
9233
6006
2607
305
5988
8764
433
7075
660
6857
8173
2097
3205
6369
261
2524
1247
7176
4176
8949
6574
5595
979
4149
9432
2519
1884
8385
2951
3767
2028
5886
6295
3836
2694
4845
7264
5488
8557
8433
9885
7481
7894
587
8625
115
4411
5786
8964
9452
532
3911
2461
5700
8211
5405
7128
2905
7559
8865
2752
3851
646
4994
6969
2753
8345
5868
7538
360
1823
6754
669
367
9710
3419
2146
9645
4491
7609
6936
9640
2880
325
2747
3276
8138
882
5501
1453
4971
3803
4286
2655
1654
193
1004
6243
7151
8074
4387
1100
3570
6444
2036
6930
8996
1067
2187
7832
6670
992
5965
503
8400
1719
6110
1174
7052
7527
2994
6509
2555
2359
1599
9812
9742
1592
6339
7553
7348
8195
2668
7680
8802
3920
6893
5277
9867
2092
5257
136
7136
4899
5612
4852
5919
247
6813
7691
5559
3078
2198
2200
9336
6683
9086
8688
8501
1249
2002
4309
3374
5583
5049
155
4508
9127
1696
3200
6060
1822
6040
5999
8228
3648
8923
7629
1689
166
6608
1427
3965
2404
137
3720
3736
5891
7543
6953
272
1539
3442
1632
7333
2966
9578
8902
4599
4354
6925
370
1172
1671
7966
2957
6915
8617
7771
3695
6328
388
517
7553
5675
3095
1581
2024
7299
7535
9222
8808
4969
1108
8328
4084
1561
6276
9947
2425
3202
7417
852
5275
7180
4247
1323
1891
9294
1919
6819
7759
4979
1960
5228
2127
9289
382
1630
6082
5787
9406
1984
9068
8723
4785
1969
4496
1043
649
7897
3084
6091
160
9108
6839
178
2220
4699
1012
9979
2687
5003
6486
9025
5244
8103
5683
3759
9576
1154
8459
2213
1919
8391
24
3084
4260